0	0	5e-08
10	8.417e-09	5e-08
20	8.1676e-09	5e-08
30	1.4215e-08	5e-08
40	1.4465e-08	5e-08
50	1.8019e-08	5e-08
60	2.4628e-08	5e-08
70	2.7745e-08	5e-08
80	3.5975e-08	5e-08
90	4.7696e-08	5e-08
100	5.2123e-08	5e-08
110	6.1288e-08	5e-08
120	7.1389e-08	5e-08
130	8.3858e-08	5e-08
140	9.2088e-08	5e-08
150	1.0905e-07	5e-08
160	1.2351e-07	5e-08
170	1.3511e-07	5e-08
180	1.54e-07	5e-08
190	1.6878e-07	5e-08
200	1.934e-07	5e-08
210	2.0912e-07	5e-08
220	2.2826e-07	5e-08
230	2.5812e-07	5e-08
240	2.8799e-07	5e-08
250	3.0601e-07	5e-08
260	3.3936e-07	5e-08
270	3.6368e-07	5e-08
280	3.9616e-07	5e-08
290	4.3575e-07	5e-08
300	4.5919e-07	5e-08
310	4.9847e-07	5e-08
320	5.3077e-07	5e-08
330	5.6288e-07	5e-08
340	5.9829e-07	5e-08
350	6.3365e-07	5e-08
360	6.7031e-07	5e-08
370	7.2393e-07	5e-08
380	7.5404e-07	5e-08
390	8.0392e-07	5e-08
400	8.3833e-07	5e-08
410	8.7132e-07	5e-08
420	9.2319e-07	5e-08
430	9.5935e-07	5e-08
440	1.0153e-06	5e-08
450	1.0376e-06	5e-08
460	1.0706e-06	5e-08
470	1.1238e-06	5e-08
480	1.1483e-06	5e-08
490	1.1895e-06	5e-08
500	1.2209e-06	5e-08
510	1.2627e-06	5e-08
520	1.2899e-06	5e-08
530	1.3264e-06	5e-08
540	1.3581e-06	5e-08
550	1.3957e-06	5e-08
560	1.4072e-06	5e-08
570	1.4354e-06	5e-08
580	1.4449e-06	5e-08
590	1.4971e-06	5e-08
600	1.4959e-06	5e-08
610	1.5415e-06	5e-08
620	1.5469e-06	5e-08
630	1.5944e-06	5e-08
640	1.5922e-06	5e-08
650	1.6261e-06	5e-08
660	1.6398e-06	5e-08
670	1.6601e-06	5e-08
680	1.6722e-06	5e-08
690	1.6856e-06	5e-08
700	1.7043e-06	5e-08
710	1.7186e-06	5e-08
720	1.7365e-06	5e-08
730	1.7438e-06	5e-08
740	1.7481e-06	5e-08
750	1.7587e-06	5e-08
760	1.7792e-06	5e-08
770	1.769e-06	5e-08
780	1.7903e-06	5e-08
790	1.8048e-06	5e-08
800	1.7951e-06	5e-08
810	1.8142e-06	5e-08
820	1.8149e-06	5e-08
830	1.821e-06	5e-08
840	1.8223e-06	5e-08
850	1.8326e-06	5e-08
860	1.8478e-06	5e-08
870	1.8411e-06	5e-08
880	1.8307e-06	5e-08
890	1.8486e-06	5e-08
900	1.8449e-06	5e-08
910	1.847e-06	5e-08
920	1.8525e-06	5e-08
930	1.8658e-06	5e-08
940	1.864e-06	5e-08
950	1.8775e-06	5e-08
960	1.8608e-06	5e-08
970	1.8855e-06	5e-08
980	1.8681e-06	5e-08
990	1.8567e-06	5e-08
1000	1.8725e-06	5e-08
1010	1.869e-06	5e-08
1020	1.8737e-06	5e-08
1030	1.8644e-06	5e-08
1040	1.8861e-06	5e-08
1050	1.8909e-06	5e-08
1060	1.8792e-06	5e-08
1070	1.8806e-06	5e-08
1080	1.8769e-06	5e-08
1090	1.8867e-06	5e-08
1100	1.8802e-06	5e-08
1110	1.8847e-06	5e-08
1120	1.8794e-06	5e-08
1130	1.8759e-06	5e-08
1140	1.8539e-06	5e-08
1150	1.8864e-06	5e-08
1160	1.8884e-06	5e-08
1170	1.8855e-06	5e-08
1180	1.8761e-06	5e-08
1190	1.8755e-06	5e-08
1200	1.8617e-06	5e-08
1210	1.8671e-06	5e-08
1220	1.8724e-06	5e-08
1230	1.8762e-06	5e-08
1240	1.8724e-06	5e-08
1250	1.8761e-06	5e-08
1260	1.8654e-06	5e-08
1270	1.8689e-06	5e-08
1280	1.8472e-06	5e-08
1290	1.8709e-06	5e-08
1300	1.8737e-06	5e-08
1310	1.8633e-06	5e-08
1320	1.8499e-06	5e-08
1330	1.8577e-06	5e-08
1340	1.8537e-06	5e-08
1350	1.872e-06	5e-08
1360	1.8757e-06	5e-08
1370	1.8624e-06	5e-08
1380	1.8669e-06	5e-08
1390	1.863e-06	5e-08
1400	1.8653e-06	5e-08
1410	1.8557e-06	5e-08
1420	1.8627e-06	5e-08
1430	1.8499e-06	5e-08
1440	1.8519e-06	5e-08
1450	1.8818e-06	5e-08
1460	1.8504e-06	5e-08
1470	1.868e-06	5e-08
1480	1.867e-06	5e-08
1490	1.8494e-06	5e-08
1500	1.8373e-06	5e-08
1510	1.8585e-06	5e-08
1520	1.854e-06	5e-08
1530	1.8489e-06	5e-08
1540	1.8634e-06	5e-08
1550	1.8636e-06	5e-08
1560	1.86e-06	5e-08
1570	1.8519e-06	5e-08
1580	1.8527e-06	5e-08
1590	1.8433e-06	5e-08
1600	1.8802e-06	5e-08
1610	1.8652e-06	5e-08
1620	1.8737e-06	5e-08
1630	1.8582e-06	5e-08
1640	1.8627e-06	5e-08
1650	1.8588e-06	5e-08
1660	1.8605e-06	5e-08
1670	1.8792e-06	5e-08
1680	1.8719e-06	5e-08
1690	1.8661e-06	5e-08
1700	1.8547e-06	5e-08
1710	1.8799e-06	5e-08
1720	1.8751e-06	5e-08
1730	1.8681e-06	5e-08
1740	1.8618e-06	5e-08
1750	1.8623e-06	5e-08
1760	1.8736e-06	5e-08
1770	1.8685e-06	5e-08
1780	1.8728e-06	5e-08
1790	1.8756e-06	5e-08
1800	1.8846e-06	5e-08
1810	1.8807e-06	5e-08
1820	1.8708e-06	5e-08
1830	1.8966e-06	5e-08
1840	1.8854e-06	5e-08
1850	1.8703e-06	5e-08
1860	1.864e-06	5e-08
1870	1.8892e-06	5e-08
1880	1.8877e-06	5e-08
1890	1.8937e-06	5e-08
1900	1.8859e-06	5e-08
1910	1.8999e-06	5e-08
1920	1.8855e-06	5e-08
1930	1.877e-06	5e-08
1940	1.8908e-06	5e-08
1950	1.8664e-06	5e-08
1960	1.8825e-06	5e-08
1970	1.8767e-06	5e-08
1980	1.8969e-06	5e-08
1990	1.8843e-06	5e-08
2000	1.8943e-06	5e-08
2010	1.8642e-06	5e-08
2020	1.8731e-06	5e-08
2030	1.8797e-06	5e-08
2040	1.8795e-06	5e-08
2050	1.8839e-06	5e-08
2060	1.8759e-06	5e-08
2070	1.8901e-06	5e-08
2080	1.8863e-06	5e-08
2090	1.8767e-06	5e-08
2100	1.8726e-06	5e-08
2110	1.8737e-06	5e-08
2120	1.8933e-06	5e-08
2130	1.8782e-06	5e-08
2140	1.8708e-06	5e-08
2150	1.8756e-06	5e-08
2160	1.8754e-06	5e-08
2170	1.8699e-06	5e-08
2180	1.8943e-06	5e-08
2190	1.8606e-06	5e-08
2200	1.8716e-06	5e-08
2210	1.8799e-06	5e-08
2220	1.8645e-06	5e-08
2230	1.8775e-06	5e-08
2240	1.8903e-06	5e-08
2250	1.8889e-06	5e-08
2260	1.8936e-06	5e-08
2270	1.8823e-06	5e-08
2280	1.8788e-06	5e-08
2290	1.8607e-06	5e-08
2300	1.8597e-06	5e-08
2310	1.889e-06	5e-08
2320	1.8737e-06	5e-08
2330	1.8686e-06	5e-08
2340	1.9e-06	5e-08
2350	1.8701e-06	5e-08
2360	1.8858e-06	5e-08
2370	1.8767e-06	5e-08
2380	1.8802e-06	5e-08
2390	1.8791e-06	5e-08
2400	1.8814e-06	5e-08
2410	1.8699e-06	5e-08
2420	1.8684e-06	5e-08
2430	1.8915e-06	5e-08
2440	1.8559e-06	5e-08
2450	1.8621e-06	5e-08
2460	1.892e-06	5e-08
2470	1.8769e-06	5e-08
2480	1.8779e-06	5e-08
2490	1.8844e-06	5e-08
2500	1.8633e-06	5e-08
2510	1.8591e-06	5e-08
2520	1.8678e-06	5e-08
2530	1.8648e-06	5e-08
2540	1.8572e-06	5e-08
2550	1.8771e-06	5e-08
2560	1.8812e-06	5e-08
2570	1.8805e-06	5e-08
2580	1.8766e-06	5e-08
2590	1.8785e-06	5e-08
2600	1.8637e-06	5e-08
2610	1.8692e-06	5e-08
2620	1.8759e-06	5e-08
2630	1.8524e-06	5e-08
2640	1.882e-06	5e-08
2650	1.8658e-06	5e-08
2660	1.8651e-06	5e-08
2670	1.8627e-06	5e-08
2680	1.8758e-06	5e-08
2690	1.8579e-06	5e-08
