0	0	1.25e-07
10	4.1375e-08	1.25e-07
20	3.7671e-08	1.25e-07
30	4.1752e-08	1.25e-07
40	3.9806e-08	1.25e-07
50	4.5017e-08	1.25e-07
60	5.4246e-08	1.25e-07
70	5.8704e-08	1.25e-07
80	6.2722e-08	1.25e-07
90	6.2659e-08	1.25e-07
100	7.1575e-08	1.25e-07
110	7.7665e-08	1.25e-07
120	8.7585e-08	1.25e-07
130	9.7254e-08	1.25e-07
140	9.9389e-08	1.25e-07
150	1.1308e-07	1.25e-07
160	1.186e-07	1.25e-07
170	1.2821e-07	1.25e-07
180	1.4309e-07	1.25e-07
190	1.5489e-07	1.25e-07
200	1.6224e-07	1.25e-07
210	1.7894e-07	1.25e-07
220	1.9124e-07	1.25e-07
230	2.0945e-07	1.25e-07
240	2.2345e-07	1.25e-07
250	2.3996e-07	1.25e-07
260	2.6659e-07	1.25e-07
270	2.8486e-07	1.25e-07
280	3.0601e-07	1.25e-07
290	3.2849e-07	1.25e-07
300	3.6007e-07	1.25e-07
310	3.7803e-07	1.25e-07
320	4.1287e-07	1.25e-07
330	4.3221e-07	1.25e-07
340	4.5576e-07	1.25e-07
350	4.8037e-07	1.25e-07
360	5.139e-07	1.25e-07
370	5.5044e-07	1.25e-07
380	5.9068e-07	1.25e-07
390	6.0945e-07	1.25e-07
400	6.4581e-07	1.25e-07
410	6.8511e-07	1.25e-07
420	7.1631e-07	1.25e-07
430	7.44e-07	1.25e-07
440	7.9436e-07	1.25e-07
450	8.1746e-07	1.25e-07
460	8.6581e-07	1.25e-07
470	8.9487e-07	1.25e-07
480	9.3016e-07	1.25e-07
490	9.6149e-07	1.25e-07
500	1.0135e-06	1.25e-07
510	1.0261e-06	1.25e-07
520	1.0624e-06	1.25e-07
530	1.0806e-06	1.25e-07
540	1.1491e-06	1.25e-07
550	1.1712e-06	1.25e-07
560	1.2021e-06	1.25e-07
570	1.2403e-06	1.25e-07
580	1.2614e-06	1.25e-07
590	1.297e-06	1.25e-07
600	1.3238e-06	1.25e-07
610	1.3565e-06	1.25e-07
620	1.3818e-06	1.25e-07
630	1.4223e-06	1.25e-07
640	1.4399e-06	1.25e-07
650	1.4657e-06	1.25e-07
660	1.476e-06	1.25e-07
670	1.5144e-06	1.25e-07
680	1.5248e-06	1.25e-07
690	1.533e-06	1.25e-07
700	1.5737e-06	1.25e-07
710	1.5981e-06	1.25e-07
720	1.6229e-06	1.25e-07
730	1.6398e-06	1.25e-07
740	1.6295e-06	1.25e-07
750	1.6786e-06	1.25e-07
760	1.6771e-06	1.25e-07
770	1.6849e-06	1.25e-07
780	1.7101e-06	1.25e-07
790	1.7408e-06	1.25e-07
800	1.7466e-06	1.25e-07
810	1.748e-06	1.25e-07
820	1.7666e-06	1.25e-07
830	1.7756e-06	1.25e-07
840	1.7936e-06	1.25e-07
850	1.7788e-06	1.25e-07
860	1.7938e-06	1.25e-07
870	1.8038e-06	1.25e-07
880	1.7997e-06	1.25e-07
890	1.8224e-06	1.25e-07
900	1.8366e-06	1.25e-07
910	1.8425e-06	1.25e-07
920	1.8515e-06	1.25e-07
930	1.8517e-06	1.25e-07
940	1.8521e-06	1.25e-07
950	1.8624e-06	1.25e-07
960	1.8731e-06	1.25e-07
970	1.863e-06	1.25e-07
980	1.8641e-06	1.25e-07
990	1.86e-06	1.25e-07
1000	1.8727e-06	1.25e-07
1010	1.8822e-06	1.25e-07
1020	1.8744e-06	1.25e-07
1030	1.8807e-06	1.25e-07
1040	1.8712e-06	1.25e-07
1050	1.8805e-06	1.25e-07
1060	1.8788e-06	1.25e-07
1070	1.8715e-06	1.25e-07
1080	1.8846e-06	1.25e-07
1090	1.897e-06	1.25e-07
1100	1.8922e-06	1.25e-07
1110	1.8882e-06	1.25e-07
1120	1.8798e-06	1.25e-07
1130	1.8953e-06	1.25e-07
1140	1.8841e-06	1.25e-07
1150	1.8757e-06	1.25e-07
1160	1.895e-06	1.25e-07
1170	1.8827e-06	1.25e-07
1180	1.8869e-06	1.25e-07
1190	1.8984e-06	1.25e-07
1200	1.8918e-06	1.25e-07
1210	1.8712e-06	1.25e-07
1220	1.8805e-06	1.25e-07
1230	1.8836e-06	1.25e-07
1240	1.8942e-06	1.25e-07
1250	1.8732e-06	1.25e-07
1260	1.8663e-06	1.25e-07
1270	1.8659e-06	1.25e-07
1280	1.8766e-06	1.25e-07
1290	1.8644e-06	1.25e-07
1300	1.8695e-06	1.25e-07
1310	1.8903e-06	1.25e-07
1320	1.8646e-06	1.25e-07
1330	1.8748e-06	1.25e-07
1340	1.8822e-06	1.25e-07
1350	1.8756e-06	1.25e-07
1360	1.8641e-06	1.25e-07
1370	1.8679e-06	1.25e-07
1380	1.8709e-06	1.25e-07
1390	1.8628e-06	1.25e-07
1400	1.878e-06	1.25e-07
1410	1.8844e-06	1.25e-07
1420	1.859e-06	1.25e-07
1430	1.8544e-06	1.25e-07
1440	1.8586e-06	1.25e-07
1450	1.8847e-06	1.25e-07
1460	1.8486e-06	1.25e-07
1470	1.846e-06	1.25e-07
1480	1.8603e-06	1.25e-07
1490	1.8637e-06	1.25e-07
1500	1.8456e-06	1.25e-07
1510	1.8414e-06	1.25e-07
1520	1.8434e-06	1.25e-07
1530	1.8303e-06	1.25e-07
1540	1.862e-06	1.25e-07
1550	1.8564e-06	1.25e-07
1560	1.8539e-06	1.25e-07
1570	1.8647e-06	1.25e-07
1580	1.8571e-06	1.25e-07
1590	1.8562e-06	1.25e-07
1600	1.8501e-06	1.25e-07
1610	1.8748e-06	1.25e-07
1620	1.8628e-06	1.25e-07
1630	1.8537e-06	1.25e-07
1640	1.8613e-06	1.25e-07
1650	1.8492e-06	1.25e-07
1660	1.8559e-06	1.25e-07
1670	1.8773e-06	1.25e-07
1680	1.8746e-06	1.25e-07
1690	1.8839e-06	1.25e-07
1700	1.8939e-06	1.25e-07
1710	1.8696e-06	1.25e-07
1720	1.8817e-06	1.25e-07
1730	1.8971e-06	1.25e-07
1740	1.8803e-06	1.25e-07
1750	1.8883e-06	1.25e-07
1760	1.8676e-06	1.25e-07
1770	1.8687e-06	1.25e-07
1780	1.8812e-06	1.25e-07
1790	1.8969e-06	1.25e-07
1800	1.8802e-06	1.25e-07
1810	1.8921e-06	1.25e-07
1820	1.8979e-06	1.25e-07
1830	1.8969e-06	1.25e-07
1840	1.8802e-06	1.25e-07
1850	1.8717e-06	1.25e-07
1860	1.8968e-06	1.25e-07
1870	1.879e-06	1.25e-07
1880	1.8903e-06	1.25e-07
1890	1.8871e-06	1.25e-07
1900	1.8868e-06	1.25e-07
1910	1.8727e-06	1.25e-07
1920	1.8829e-06	1.25e-07
1930	1.8853e-06	1.25e-07
1940	1.8913e-06	1.25e-07
1950	1.889e-06	1.25e-07
1960	1.8759e-06	1.25e-07
1970	1.8771e-06	1.25e-07
1980	1.8888e-06	1.25e-07
1990	1.8893e-06	1.25e-07
2000	1.8803e-06	1.25e-07
2010	1.8972e-06	1.25e-07
2020	1.8754e-06	1.25e-07
2030	1.8813e-06	1.25e-07
2040	1.8608e-06	1.25e-07
2050	1.8935e-06	1.25e-07
2060	1.8805e-06	1.25e-07
2070	1.8746e-06	1.25e-07
2080	1.8947e-06	1.25e-07
2090	1.8871e-06	1.25e-07
2100	1.8721e-06	1.25e-07
2110	1.8881e-06	1.25e-07
2120	1.9e-06	1.25e-07
2130	1.8628e-06	1.25e-07
2140	1.8751e-06	1.25e-07
2150	1.8868e-06	1.25e-07
2160	1.8771e-06	1.25e-07
2170	1.8772e-06	1.25e-07
2180	1.8824e-06	1.25e-07
2190	1.8806e-06	1.25e-07
2200	1.8814e-06	1.25e-07
2210	1.8803e-06	1.25e-07
2220	1.8599e-06	1.25e-07
2230	1.8847e-06	1.25e-07
2240	1.8843e-06	1.25e-07
2250	1.8831e-06	1.25e-07
2260	1.8735e-06	1.25e-07
2270	1.876e-06	1.25e-07
2280	1.8612e-06	1.25e-07
2290	1.8703e-06	1.25e-07
2300	1.8817e-06	1.25e-07
2310	1.8779e-06	1.25e-07
2320	1.8734e-06	1.25e-07
2330	1.8647e-06	1.25e-07
2340	1.8706e-06	1.25e-07
2350	1.8822e-06	1.25e-07
2360	1.851e-06	1.25e-07
2370	1.8825e-06	1.25e-07
2380	1.8702e-06	1.25e-07
2390	1.8825e-06	1.25e-07
2400	1.8691e-06	1.25e-07
2410	1.8812e-06	1.25e-07
2420	1.8778e-06	1.25e-07
2430	1.8545e-06	1.25e-07
2440	1.8674e-06	1.25e-07
2450	1.8596e-06	1.25e-07
2460	1.8766e-06	1.25e-07
2470	1.8884e-06	1.25e-07
2480	1.8587e-06	1.25e-07
2490	1.8814e-06	1.25e-07
2500	1.8825e-06	1.25e-07
2510	1.8733e-06	1.25e-07
2520	1.8842e-06	1.25e-07
2530	1.8785e-06	1.25e-07
2540	1.8616e-06	1.25e-07
2550	1.8857e-06	1.25e-07
2560	1.8871e-06	1.25e-07
2570	1.8727e-06	1.25e-07
2580	1.8854e-06	1.25e-07
2590	1.8634e-06	1.25e-07
2600	1.8856e-06	1.25e-07
2610	1.8569e-06	1.25e-07
2620	1.8703e-06	1.25e-07
2630	1.8749e-06	1.25e-07
2640	1.8717e-06	1.25e-07
2650	1.8703e-06	1.25e-07
2660	1.8756e-06	1.25e-07
2670	1.8755e-06	1.25e-07
2680	1.8724e-06	1.25e-07
2690	1.8549e-06	1.25e-07
