0	9.883e-09	0
10	0	0
20	9.9476e-09	0
30	2.0477e-08	0
40	2.1058e-08	0
50	1.996e-08	0
60	2.8809e-08	0
70	3.4558e-08	0
80	5.3485e-08	0
90	5.5681e-08	0
100	6.4401e-08	0
110	7.1442e-08	0
120	8.5782e-08	0
130	9.7539e-08	0
140	1.0516e-07	0
150	1.1608e-07	0
160	1.2822e-07	0
170	1.4902e-07	0
180	1.5613e-07	0
190	1.7893e-07	0
200	1.9081e-07	0
210	2.0315e-07	0
220	2.2292e-07	0
230	2.4643e-07	0
240	2.5748e-07	0
250	2.7111e-07	0
260	2.921e-07	0
270	3.0224e-07	0
280	3.2323e-07	0
290	3.4319e-07	0
300	3.6296e-07	0
310	3.8382e-07	0
320	3.8292e-07	0
330	4.0792e-07	0
340	4.1644e-07	0
350	4.4577e-07	0
360	4.6179e-07	0
370	4.8085e-07	0
380	5.0513e-07	0
390	5.1179e-07	0
400	5.2619e-07	0
410	5.4809e-07	0
420	5.6114e-07	0
430	5.8878e-07	0
440	6.0965e-07	0
450	6.174e-07	0
460	6.3374e-07	0
470	6.5222e-07	0
480	6.5667e-07	0
490	6.8012e-07	0
500	7.0376e-07	0
510	7.1655e-07	0
520	7.2992e-07	0
530	7.4342e-07	0
540	7.6745e-07	0
550	7.8586e-07	0
560	7.9452e-07	0
570	8.0124e-07	0
580	8.4025e-07	0
590	8.4574e-07	0
600	8.6751e-07	0
610	8.7752e-07	0
620	8.9316e-07	0
630	8.9283e-07	0
640	9.2029e-07	0
650	9.2539e-07	0
660	9.3818e-07	0
670	9.5446e-07	0
680	9.8165e-07	0
690	9.7409e-07	0
700	9.8837e-07	0
710	1.0154e-06	0
720	1.0103e-06	0
730	1.0079e-06	0
740	1.0318e-06	0
750	1.0451e-06	0
760	1.065e-06	0
770	1.0884e-06	0
780	1.0774e-06	0
790	1.1004e-06	0
800	1.1081e-06	0
810	1.1338e-06	0
820	1.1488e-06	0
830	1.1459e-06	0
840	1.1763e-06	0
850	1.2007e-06	0
860	1.2074e-06	0
870	1.2272e-06	0
880	1.2422e-06	0
890	1.2413e-06	0
900	1.2588e-06	0
910	1.26e-06	0
920	1.2832e-06	0
930	1.2958e-06	0
940	1.3011e-06	0
950	1.3217e-06	0
960	1.3248e-06	0
970	1.3389e-06	0
980	1.3482e-06	0
990	1.3584e-06	0
1000	1.361e-06	0
1010	1.3689e-06	0
1020	1.3938e-06	0
1030	1.3917e-06	0
1040	1.3868e-06	0
1050	1.4033e-06	0
1060	1.4025e-06	0
1070	1.4035e-06	0
1080	1.4168e-06	0
1090	1.4315e-06	0
1100	1.4435e-06	0
1110	1.4447e-06	0
1120	1.448e-06	0
1130	1.4601e-06	0
1140	1.4748e-06	0
1150	1.4647e-06	0
1160	1.4792e-06	0
1170	1.4912e-06	0
1180	1.4951e-06	0
1190	1.4958e-06	0
1200	1.5113e-06	0
1210	1.5215e-06	0
1220	1.5287e-06	0
1230	1.5193e-06	0
1240	1.5503e-06	0
1250	1.5399e-06	0
1260	1.5419e-06	0
1270	1.5593e-06	0
1280	1.5475e-06	0
1290	1.5617e-06	0
1300	1.5678e-06	0
1310	1.5764e-06	0
1320	1.5591e-06	0
1330	1.5755e-06	0
1340	1.5882e-06	0
1350	1.6052e-06	0
1360	1.6088e-06	0
1370	1.6026e-06	0
1380	1.6259e-06	0
1390	1.6231e-06	0
1400	1.6407e-06	0
1410	1.6315e-06	0
1420	1.6388e-06	0
1430	1.6344e-06	0
1440	1.6507e-06	0
1450	1.6382e-06	0
1460	1.6553e-06	0
1470	1.6456e-06	0
1480	1.6474e-06	0
1490	1.6273e-06	0
1500	1.6478e-06	0
1510	1.6642e-06	0
1520	1.6707e-06	0
1530	1.6785e-06	0
1540	1.6717e-06	0
1550	1.7004e-06	0
1560	1.6883e-06	0
1570	1.6939e-06	0
1580	1.706e-06	0
1590	1.7034e-06	0
1600	1.7026e-06	0
1610	1.7174e-06	0
1620	1.703e-06	0
1630	1.7076e-06	0
1640	1.7208e-06	0
1650	1.7503e-06	0
1660	1.7385e-06	0
1670	1.7433e-06	0
1680	1.727e-06	0
1690	1.7441e-06	0
1700	1.7527e-06	0
1710	1.7403e-06	0
1720	1.7454e-06	0
1730	1.7432e-06	0
1740	1.7465e-06	0
1750	1.7535e-06	0
1760	1.7667e-06	0
1770	1.755e-06	0
1780	1.7613e-06	0
1790	1.7633e-06	0
1800	1.7565e-06	0
1810	1.7777e-06	0
1820	1.7766e-06	0
1830	1.7686e-06	0
1840	1.7663e-06	0
1850	1.7684e-06	0
1860	1.7795e-06	0
1870	1.7855e-06	0
1880	1.7981e-06	0
1890	1.7986e-06	0
1900	1.7964e-06	0
1910	1.8049e-06	0
1920	1.79e-06	0
1930	1.8082e-06	0
1940	1.8151e-06	0
1950	1.8083e-06	0
1960	1.8174e-06	0
1970	1.8179e-06	0
1980	1.8264e-06	0
1990	1.8351e-06	0
2000	1.8455e-06	0
2010	1.8423e-06	0
2020	1.8517e-06	0
2030	1.8481e-06	0
2040	1.8375e-06	0
2050	1.8392e-06	0
2060	1.8216e-06	0
2070	1.8242e-06	0
2080	1.8342e-06	0
2090	1.8295e-06	0
2100	1.8271e-06	0
2110	1.8261e-06	0
2120	1.8468e-06	0
2130	1.86e-06	0
2140	1.8528e-06	0
2150	1.841e-06	0
2160	1.8446e-06	0
2170	1.8449e-06	0
2180	1.8525e-06	0
2190	1.8394e-06	0
2200	1.8511e-06	0
2210	1.8632e-06	0
2220	1.8716e-06	0
2230	1.865e-06	0
2240	1.88e-06	0
2250	1.8511e-06	0
2260	1.8705e-06	0
2270	1.8704e-06	0
2280	1.8823e-06	0
2290	1.8744e-06	0
2300	1.8768e-06	0
2310	1.8802e-06	0
2320	1.8516e-06	0
2330	1.8607e-06	0
2340	1.8627e-06	0
2350	1.8689e-06	0
2360	1.8955e-06	0
2370	1.8874e-06	0
2380	1.8917e-06	0
2390	1.8672e-06	0
2400	1.8623e-06	0
2410	1.8683e-06	0
2420	1.8831e-06	0
2430	1.8763e-06	0
2440	1.8986e-06	0
2450	1.8817e-06	0
2460	1.8855e-06	0
2470	1.8663e-06	0
2480	1.8937e-06	0
2490	1.8574e-06	0
2500	1.8711e-06	0
2510	1.8694e-06	0
2520	1.8934e-06	0
2530	1.8716e-06	0
2540	1.8755e-06	0
2550	1.8641e-06	0
2560	1.8783e-06	0
2570	1.883e-06	0
2580	1.8744e-06	0
2590	1.8821e-06	0
2600	1.8915e-06	0
2610	1.8833e-06	0
2620	1.8859e-06	0
2630	1.8831e-06	0
2640	1.8995e-06	0
2650	1.9e-06	0
2660	1.8872e-06	0
2670	1.8912e-06	0
2680	1.8866e-06	0
2690	1.8974e-06	0
