Time (s)	60nM	[G-act]	[A208W]	[G-act] (t)
15.04	2.75931E-09	0.000002	0.00000006	1.99724E-06
25.01	1.01621E-09	0.000002	0.00000006	1.99898E-06
35.02	4.65216E-11	0.000002	0.00000006	1.99995E-06
45.01	8.4902E-10	0.000002	0.00000006	1.99915E-06
55.02	6.22227E-10	0.000002	0.00000006	1.99938E-06
65.02	0	0.000002	0.00000006	0.000002
75.02	1.76201E-09	0.000002	0.00000006	1.99824E-06
85.02	2.61684E-10	0.000002	0.00000006	1.99974E-06
95.01	6.26734E-09	0.000002	0.00000006	1.99373E-06
105.01	7.86797E-09	0.000002	0.00000006	1.99213E-06
115.01	1.31467E-08	0.000002	0.00000006	1.98685E-06
125.02	1.43577E-08	0.000002	0.00000006	1.98564E-06
135.03	2.1256E-08	0.000002	0.00000006	1.97874E-06
145.02	2.29933E-08	0.000002	0.00000006	1.97701E-06
155.01	2.5427E-08	0.000002	0.00000006	1.97457E-06
165.02	3.15053E-08	0.000002	0.00000006	1.96849E-06
175.01	3.73554E-08	0.000002	0.00000006	1.96264E-06
185.01	4.30514E-08	0.000002	0.00000006	1.95695E-06
195.02	4.26705E-08	0.000002	0.00000006	1.95733E-06
205	5.42457E-08	0.000002	0.00000006	1.94575E-06
215.02	5.99896E-08	0.000002	0.00000006	1.94001E-06
225.01	6.61988E-08	0.000002	0.00000006	1.9338E-06
235.01	7.19239E-08	0.000002	0.00000006	1.92808E-06
245.01	8.28826E-08	0.000002	0.00000006	1.91712E-06
255.01	8.71336E-08	0.000002	0.00000006	1.91287E-06
265.01	9.92728E-08	0.000002	0.00000006	1.90073E-06
275.01	1.08811E-07	0.000002	0.00000006	1.89119E-06
285.02	1.19739E-07	0.000002	0.00000006	1.88026E-06
295.01	1.27673E-07	0.000002	0.00000006	1.87233E-06
305.02	1.38441E-07	0.000002	0.00000006	1.86156E-06
315.02	1.48641E-07	0.000002	0.00000006	1.85136E-06
325.02	1.58977E-07	0.000002	0.00000006	1.84102E-06
335.02	1.69379E-07	0.000002	0.00000006	1.83062E-06
345.01	1.82847E-07	0.000002	0.00000006	1.81715E-06
355.01	1.93936E-07	0.000002	0.00000006	1.80606E-06
365.02	2.11601E-07	0.000002	0.00000006	1.7884E-06
375.02	2.18618E-07	0.000002	0.00000006	1.78138E-06
385.02	2.37587E-07	0.000002	0.00000006	1.76241E-06
395.02	2.56333E-07	0.000002	0.00000006	1.74367E-06
405.01	2.67342E-07	0.000002	0.00000006	1.73266E-06
415.02	2.81744E-07	0.000002	0.00000006	1.71826E-06
425.02	2.92516E-07	0.000002	0.00000006	1.70748E-06
435.02	3.11727E-07	0.000002	0.00000006	1.68827E-06
445.02	3.25231E-07	0.000002	0.00000006	1.67477E-06
455.02	3.45904E-07	0.000002	0.00000006	1.6541E-06
465.02	3.65154E-07	0.000002	0.00000006	1.63485E-06
475.01	3.74123E-07	0.000002	0.00000006	1.62588E-06
485.01	3.93883E-07	0.000002	0.00000006	1.60612E-06
495.02	4.22223E-07	0.000002	0.00000006	1.57778E-06
505.01	4.39362E-07	0.000002	0.00000006	1.56064E-06
515.02	4.65036E-07	0.000002	0.00000006	1.53496E-06
525.01	4.76248E-07	0.000002	0.00000006	1.52375E-06
535.02	4.98034E-07	0.000002	0.00000006	1.50197E-06
545.01	5.21852E-07	0.000002	0.00000006	1.47815E-06
555.02	5.41634E-07	0.000002	0.00000006	1.45837E-06
565.01	5.62685E-07	0.000002	0.00000006	1.43732E-06
575.02	5.8449E-07	0.000002	0.00000006	1.41551E-06
585.01	6.12451E-07	0.000002	0.00000006	1.38755E-06
595.02	6.30303E-07	0.000002	0.00000006	1.3697E-06
605.02	6.44748E-07	0.000002	0.00000006	1.35525E-06
615.03	6.70784E-07	0.000002	0.00000006	1.32922E-06
625.02	6.99515E-07	0.000002	0.00000006	1.30048E-06
635.01	7.32878E-07	0.000002	0.00000006	1.26712E-06
645.01	7.49718E-07	0.000002	0.00000006	1.25028E-06
655.02	7.76254E-07	0.000002	0.00000006	1.22375E-06
665.02	7.98605E-07	0.000002	0.00000006	1.2014E-06
675.01	8.22686E-07	0.000002	0.00000006	1.17731E-06
685.02	8.51885E-07	0.000002	0.00000006	1.14811E-06
695.01	8.69568E-07	0.000002	0.00000006	1.13043E-06
705.02	8.99866E-07	0.000002	0.00000006	1.10013E-06
715.01	9.22912E-07	0.000002	0.00000006	1.07709E-06
725.02	9.48336E-07	0.000002	0.00000006	1.05166E-06
735.02	9.75566E-07	0.000002	0.00000006	1.02443E-06
745.01	9.93969E-07	0.000002	0.00000006	1.00603E-06
755.02	1.01564E-06	0.000002	0.00000006	9.84363E-07
765.02	1.05036E-06	0.000002	0.00000006	9.4964E-07
775.02	1.0783E-06	0.000002	0.00000006	9.21703E-07
785.01	1.08778E-06	0.000002	0.00000006	9.12221E-07
795.02	1.11951E-06	0.000002	0.00000006	8.80486E-07
805.02	1.14204E-06	0.000002	0.00000006	8.57961E-07
815.01	1.17E-06	0.000002	0.00000006	8.29996E-07
825.02	1.18885E-06	0.000002	0.00000006	8.11149E-07
835.01	1.21857E-06	0.000002	0.00000006	7.81427E-07
845.02	1.22972E-06	0.000002	0.00000006	7.70282E-07
855.01	1.25753E-06	0.000002	0.00000006	7.4247E-07
865.01	1.28696E-06	0.000002	0.00000006	7.1304E-07
875.01	1.31146E-06	0.000002	0.00000006	6.88538E-07
885.01	1.33263E-06	0.000002	0.00000006	6.67372E-07
895.01	1.35446E-06	0.000002	0.00000006	6.45536E-07
905.02	1.37404E-06	0.000002	0.00000006	6.25959E-07
915.02	1.3918E-06	0.000002	0.00000006	6.08204E-07
925.02	1.41805E-06	0.000002	0.00000006	5.81952E-07
935.02	1.43781E-06	0.000002	0.00000006	5.62194E-07
945.02	1.44821E-06	0.000002	0.00000006	5.51786E-07
955.02	1.47201E-06	0.000002	0.00000006	5.27989E-07
965	1.48678E-06	0.000002	0.00000006	5.13215E-07
975.02	1.50067E-06	0.000002	0.00000006	4.99333E-07
985.01	1.52189E-06	0.000002	0.00000006	4.78112E-07
995.02	1.53834E-06	0.000002	0.00000006	4.61659E-07
1005.01	1.55461E-06	0.000002	0.00000006	4.45387E-07
1015.01	1.57363E-06	0.000002	0.00000006	4.26368E-07
1025.02	1.58698E-06	0.000002	0.00000006	4.13019E-07
1035.01	1.60097E-06	0.000002	0.00000006	3.99028E-07
1045.02	1.61803E-06	0.000002	0.00000006	3.81966E-07
1055.01	1.63719E-06	0.000002	0.00000006	3.62811E-07
1065.02	1.64742E-06	0.000002	0.00000006	3.52578E-07
1075.02	1.6598E-06	0.000002	0.00000006	3.40197E-07
1085.02	1.6658E-06	0.000002	0.00000006	3.34197E-07
1095.01	1.67396E-06	0.000002	0.00000006	3.2604E-07
1105.01	1.70136E-06	0.000002	0.00000006	2.98644E-07
1115.03	1.70619E-06	0.000002	0.00000006	2.93813E-07
1125.01	1.70692E-06	0.000002	0.00000006	2.93079E-07
1135.02	1.71816E-06	0.000002	0.00000006	2.81837E-07
1145.01	1.7248E-06	0.000002	0.00000006	2.75203E-07
1155.02	1.74494E-06	0.000002	0.00000006	2.55058E-07
1165.02	1.74751E-06	0.000002	0.00000006	2.52488E-07
1175.01	1.75896E-06	0.000002	0.00000006	2.41039E-07
1185.01	1.78141E-06	0.000002	0.00000006	2.18592E-07
1195.02	1.78893E-06	0.000002	0.00000006	2.11069E-07
1205.02	1.78507E-06	0.000002	0.00000006	2.1493E-07
1215.02	1.79011E-06	0.000002	0.00000006	2.09886E-07
1225.02	1.80777E-06	0.000002	0.00000006	1.92231E-07
1235.02	1.80317E-06	0.000002	0.00000006	1.96828E-07
1245.01	1.8119E-06	0.000002	0.00000006	1.88103E-07
1255.02	1.82101E-06	0.000002	0.00000006	1.78988E-07
1265.02	1.81875E-06	0.000002	0.00000006	1.81254E-07
1275.01	1.8345E-06	0.000002	0.00000006	1.65504E-07
1285.02	1.8316E-06	0.000002	0.00000006	1.68404E-07
1295.01	1.83612E-06	0.000002	0.00000006	1.63883E-07
1305.02	1.8397E-06	0.000002	0.00000006	1.60302E-07
1315.01	1.84658E-06	0.000002	0.00000006	1.53417E-07
1325.02	1.85409E-06	0.000002	0.00000006	1.45912E-07
1335.01	1.86758E-06	0.000002	0.00000006	1.32417E-07
1345.01	1.86711E-06	0.000002	0.00000006	1.32891E-07
1355.02	1.86347E-06	0.000002	0.00000006	1.36525E-07
1365.02	1.86647E-06	0.000002	0.00000006	1.33535E-07
1375.01	1.8646E-06	0.000002	0.00000006	1.35397E-07
1385.01	1.8646E-06	0.000002	0.00000006	1.35396E-07
1395.02	1.87035E-06	0.000002	0.00000006	1.2965E-07
1405.01	1.86915E-06	0.000002	0.00000006	1.3085E-07
1415	1.87382E-06	0.000002	0.00000006	1.26176E-07
1425.02	1.87762E-06	0.000002	0.00000006	1.22381E-07
1435.01	1.89303E-06	0.000002	0.00000006	1.06971E-07
1445.01	1.86316E-06	0.000002	0.00000006	1.36838E-07
1455.01	1.88538E-06	0.000002	0.00000006	1.14621E-07
1465.02	1.87193E-06	0.000002	0.00000006	1.28071E-07
1475.01	1.88545E-06	0.000002	0.00000006	1.14545E-07
1485.01	1.89156E-06	0.000002	0.00000006	1.08439E-07
1495.01	1.87206E-06	0.000002	0.00000006	1.27939E-07
1505.01	1.87838E-06	0.000002	0.00000006	1.21618E-07
1515.01	1.87987E-06	0.000002	0.00000006	1.20131E-07
1525.02	1.87461E-06	0.000002	0.00000006	1.25386E-07
1535.02	1.88496E-06	0.000002	0.00000006	1.15041E-07
1545.02	0.0000019	0.000002	0.00000006	1E-07
1555.02	1.88533E-06	0.000002	0.00000006	1.14667E-07
1565.01	1.88486E-06	0.000002	0.00000006	1.15136E-07
1575	1.87383E-06	0.000002	0.00000006	1.26167E-07
1585.02	1.87888E-06	0.000002	0.00000006	1.21124E-07
1595.02	1.86913E-06	0.000002	0.00000006	1.30874E-07
1605.02	1.88045E-06	0.000002	0.00000006	1.19546E-07
1615.02	1.87955E-06	0.000002	0.00000006	1.20449E-07
1625.02	1.87608E-06	0.000002	0.00000006	1.23919E-07
1635.01	1.87375E-06	0.000002	0.00000006	1.26251E-07
1645.02	1.88326E-06	0.000002	0.00000006	1.16738E-07
1655.01	1.87862E-06	0.000002	0.00000006	1.21375E-07
1665.01	1.87484E-06	0.000002	0.00000006	1.25155E-07
1675.02	1.8758E-06	0.000002	0.00000006	1.24196E-07
1685.02	1.86806E-06	0.000002	0.00000006	1.3194E-07
1695.01	1.87196E-06	0.000002	0.00000006	1.28039E-07
1705.01	1.86255E-06	0.000002	0.00000006	1.37447E-07
1715.01	1.88225E-06	0.000002	0.00000006	1.17748E-07
1725.01	1.8734E-06	0.000002	0.00000006	1.26599E-07
1735.02	1.85782E-06	0.000002	0.00000006	1.42185E-07
1745.01	1.87431E-06	0.000002	0.00000006	1.25687E-07
1755.01	1.8668E-06	0.000002	0.00000006	1.33199E-07
1765.02	1.86961E-06	0.000002	0.00000006	1.30389E-07
1775.02	1.87508E-06	0.000002	0.00000006	1.24923E-07
1785.01	1.86512E-06	0.000002	0.00000006	1.34875E-07
1795.01	1.86566E-06	0.000002	0.00000006	1.34345E-07
1805.02	1.86258E-06	0.000002	0.00000006	1.37421E-07
1815.01	1.85858E-06	0.000002	0.00000006	1.41422E-07
1825.01	1.8569E-06	0.000002	0.00000006	1.43102E-07
1835.01	1.86579E-06	0.000002	0.00000006	1.34212E-07
1845.02	1.85872E-06	0.000002	0.00000006	1.41279E-07
1855.01	1.86648E-06	0.000002	0.00000006	1.3352E-07
1865.02	1.87676E-06	0.000002	0.00000006	1.23239E-07
1875.02	1.86676E-06	0.000002	0.00000006	1.33237E-07
1885.02	1.86045E-06	0.000002	0.00000006	1.39549E-07
1895.02	1.86627E-06	0.000002	0.00000006	1.3373E-07
1905.01	1.86442E-06	0.000002	0.00000006	1.35583E-07
1915.02	1.85684E-06	0.000002	0.00000006	1.43158E-07
1925	1.85885E-06	0.000002	0.00000006	1.41151E-07
1935.02	1.86343E-06	0.000002	0.00000006	1.36572E-07
1945.01	1.85505E-06	0.000002	0.00000006	1.44952E-07
1955.01	1.85764E-06	0.000002	0.00000006	1.42356E-07
1965.01	1.86941E-06	0.000002	0.00000006	1.30585E-07
1975.01	1.86005E-06	0.000002	0.00000006	1.39949E-07
