Time (s)	2.5nM	[G-act]	[A208W]	[G-act] (t)
15.04	8.86743E-09	0.000002	2.5E-09	1.99113E-06
25.03	4.47311E-09	0.000002	2.5E-09	1.99553E-06
35.02	1.48177E-09	0.000002	2.5E-09	1.99852E-06
45.01	3.31891E-09	0.000002	2.5E-09	1.99668E-06
55.01	5.6026E-09	0.000002	2.5E-09	1.9944E-06
65.01	1.50649E-09	0.000002	2.5E-09	1.99849E-06
75.02	0	0.000002	2.5E-09	0.000002
85.01	8.5754E-10	0.000002	2.5E-09	1.99914E-06
95.02	1.8974E-09	0.000002	2.5E-09	1.9981E-06
105.01	2.76731E-09	0.000002	2.5E-09	1.99723E-06
115.02	4.39277E-09	0.000002	2.5E-09	1.99561E-06
125.02	6.42305E-09	0.000002	2.5E-09	1.99358E-06
135.01	5.45426E-09	0.000002	2.5E-09	1.99455E-06
145.02	1.06072E-08	0.000002	2.5E-09	1.98939E-06
155.02	1.37423E-08	0.000002	2.5E-09	1.98626E-06
165.02	1.47126E-08	0.000002	2.5E-09	1.98529E-06
175.02	1.89354E-08	0.000002	2.5E-09	1.98106E-06
185.03	2.16842E-08	0.000002	2.5E-09	1.97832E-06
195.01	2.5737E-08	0.000002	2.5E-09	1.97426E-06
205.01	2.97899E-08	0.000002	2.5E-09	1.97021E-06
215	3.03229E-08	0.000002	2.5E-09	1.96968E-06
225.02	3.43032E-08	0.000002	2.5E-09	1.9657E-06
235.02	3.74305E-08	0.000002	2.5E-09	1.96257E-06
245.02	4.1403E-08	0.000002	2.5E-09	1.9586E-06
255.02	4.93341E-08	0.000002	2.5E-09	1.95067E-06
265.02	4.96354E-08	0.000002	2.5E-09	1.95036E-06
275.02	5.35769E-08	0.000002	2.5E-09	1.94642E-06
285.01	5.82123E-08	0.000002	2.5E-09	1.94179E-06
295.01	6.7279E-08	0.000002	2.5E-09	1.93272E-06
305	7.3203E-08	0.000002	2.5E-09	1.9268E-06
315.01	7.58962E-08	0.000002	2.5E-09	1.9241E-06
325.01	8.49954E-08	0.000002	2.5E-09	1.915E-06
335.01	8.8064E-08	0.000002	2.5E-09	1.91194E-06
345.02	9.90776E-08	0.000002	2.5E-09	1.90092E-06
355.01	9.98996E-08	0.000002	2.5E-09	1.9001E-06
365.01	1.06857E-07	0.000002	2.5E-09	1.89314E-06
375.01	1.1068E-07	0.000002	2.5E-09	1.88932E-06
385.02	1.17213E-07	0.000002	2.5E-09	1.88279E-06
395.02	1.28316E-07	0.000002	2.5E-09	1.87168E-06
405.02	1.28286E-07	0.000002	2.5E-09	1.87171E-06
415.01	1.37379E-07	0.000002	2.5E-09	1.86262E-06
425.02	1.44991E-07	0.000002	2.5E-09	1.85501E-06
435.01	1.51789E-07	0.000002	2.5E-09	1.84821E-06
445.01	1.58504E-07	0.000002	2.5E-09	1.8415E-06
455.01	1.6481E-07	0.000002	2.5E-09	1.83519E-06
465.01	1.74414E-07	0.000002	2.5E-09	1.82559E-06
475.01	1.85258E-07	0.000002	2.5E-09	1.81474E-06
485.02	1.8958E-07	0.000002	2.5E-09	1.81042E-06
495.01	1.95307E-07	0.000002	2.5E-09	1.80469E-06
505.02	2.04402E-07	0.000002	2.5E-09	1.7956E-06
515.01	2.1752E-07	0.000002	2.5E-09	1.78248E-06
525.02	2.17934E-07	0.000002	2.5E-09	1.78207E-06
535.01	2.32078E-07	0.000002	2.5E-09	1.76792E-06
545.02	2.40283E-07	0.000002	2.5E-09	1.75972E-06
555.02	2.4951E-07	0.000002	2.5E-09	1.75049E-06
565.01	2.54232E-07	0.000002	2.5E-09	1.74577E-06
575.01	2.62834E-07	0.000002	2.5E-09	1.73717E-06
585.02	2.71598E-07	0.000002	2.5E-09	1.7284E-06
595.02	2.77474E-07	0.000002	2.5E-09	1.72253E-06
605.01	2.8924E-07	0.000002	2.5E-09	1.71076E-06
615.02	2.99637E-07	0.000002	2.5E-09	1.70036E-06
625.02	3.09723E-07	0.000002	2.5E-09	1.69028E-06
635.02	3.11298E-07	0.000002	2.5E-09	1.6887E-06
645.02	3.21924E-07	0.000002	2.5E-09	1.67808E-06
655.01	3.33161E-07	0.000002	2.5E-09	1.66684E-06
665	3.42108E-07	0.000002	2.5E-09	1.65789E-06
675.02	3.49696E-07	0.000002	2.5E-09	1.6503E-06
685.25	3.60185E-07	0.000002	2.5E-09	1.63981E-06
695.03	3.67769E-07	0.000002	2.5E-09	1.63223E-06
705.01	3.75892E-07	0.000002	2.5E-09	1.62411E-06
715.02	3.8765E-07	0.000002	2.5E-09	1.61235E-06
725.01	3.95338E-07	0.000002	2.5E-09	1.60466E-06
735.02	4.08447E-07	0.000002	2.5E-09	1.59155E-06
745.02	4.17193E-07	0.000002	2.5E-09	1.58281E-06
755.01	4.2195E-07	0.000002	2.5E-09	1.57805E-06
765.01	4.35737E-07	0.000002	2.5E-09	1.56426E-06
775.01	4.44167E-07	0.000002	2.5E-09	1.55583E-06
785.01	4.5384E-07	0.000002	2.5E-09	1.54616E-06
795.01	4.62333E-07	0.000002	2.5E-09	1.53767E-06
805.01	4.70053E-07	0.000002	2.5E-09	1.52995E-06
815.01	4.81133E-07	0.000002	2.5E-09	1.51887E-06
825.01	4.89569E-07	0.000002	2.5E-09	1.51043E-06
835.02	5.00493E-07	0.000002	2.5E-09	1.49951E-06
845.02	5.08361E-07	0.000002	2.5E-09	1.49164E-06
855.01	5.18764E-07	0.000002	2.5E-09	1.48124E-06
865.02	5.31298E-07	0.000002	2.5E-09	1.4687E-06
875.02	5.32007E-07	0.000002	2.5E-09	1.46799E-06
885.02	5.45062E-07	0.000002	2.5E-09	1.45494E-06
895.02	5.54844E-07	0.000002	2.5E-09	1.44516E-06
905.02	5.65981E-07	0.000002	2.5E-09	1.43402E-06
915.02	5.72976E-07	0.000002	2.5E-09	1.42702E-06
925.01	5.84255E-07	0.000002	2.5E-09	1.41574E-06
935.02	5.97194E-07	0.000002	2.5E-09	1.40281E-06
945.01	5.97899E-07	0.000002	2.5E-09	1.4021E-06
955.02	6.13841E-07	0.000002	2.5E-09	1.38616E-06
965.02	6.21411E-07	0.000002	2.5E-09	1.37859E-06
975.01	6.2962E-07	0.000002	2.5E-09	1.37038E-06
985.02	6.41542E-07	0.000002	2.5E-09	1.35846E-06
995.02	6.46474E-07	0.000002	2.5E-09	1.35353E-06
1005.01	6.58534E-07	0.000002	2.5E-09	1.34147E-06
1015.01	6.63225E-07	0.000002	2.5E-09	1.33678E-06
1025.01	6.83064E-07	0.000002	2.5E-09	1.31694E-06
1035.01	6.81709E-07	0.000002	2.5E-09	1.31829E-06
1045.01	6.94597E-07	0.000002	2.5E-09	1.3054E-06
1055.01	7.03835E-07	0.000002	2.5E-09	1.29617E-06
1065.01	7.20114E-07	0.000002	2.5E-09	1.27989E-06
1075.03	7.24014E-07	0.000002	2.5E-09	1.27599E-06
1085.01	7.32313E-07	0.000002	2.5E-09	1.26769E-06
1095.01	7.39288E-07	0.000002	2.5E-09	1.26071E-06
1105.02	7.55091E-07	0.000002	2.5E-09	1.24491E-06
1115.01	7.56598E-07	0.000002	2.5E-09	1.2434E-06
1125.02	7.67787E-07	0.000002	2.5E-09	1.23221E-06
1135.01	7.74634E-07	0.000002	2.5E-09	1.22537E-06
1145.01	7.83517E-07	0.000002	2.5E-09	1.21648E-06
1155.02	7.9329E-07	0.000002	2.5E-09	1.20671E-06
1165.03	8.06933E-07	0.000002	2.5E-09	1.19307E-06
1175.02	8.03158E-07	0.000002	2.5E-09	1.19684E-06
1185.02	8.24991E-07	0.000002	2.5E-09	1.17501E-06
1195.02	8.28911E-07	0.000002	2.5E-09	1.17109E-06
1205.12	8.45142E-07	0.000002	2.5E-09	1.15486E-06
1215.02	8.40867E-07	0.000002	2.5E-09	1.15913E-06
1225.01	8.5879E-07	0.000002	2.5E-09	1.14121E-06
1235.02	8.65425E-07	0.000002	2.5E-09	1.13458E-06
1245.02	8.65963E-07	0.000002	2.5E-09	1.13404E-06
1255.03	8.79393E-07	0.000002	2.5E-09	1.12061E-06
1265.02	8.90604E-07	0.000002	2.5E-09	1.1094E-06
1275.01	8.96051E-07	0.000002	2.5E-09	1.10395E-06
1285.02	9.00844E-07	0.000002	2.5E-09	1.09916E-06
1295.01	9.20467E-07	0.000002	2.5E-09	1.07953E-06
1305.02	9.1691E-07	0.000002	2.5E-09	1.08309E-06
1315.02	9.34002E-07	0.000002	2.5E-09	1.066E-06
1325.02	9.3161E-07	0.000002	2.5E-09	1.06839E-06
1335.01	9.51275E-07	0.000002	2.5E-09	1.04873E-06
1345.02	9.56752E-07	0.000002	2.5E-09	1.04325E-06
1355.02	9.63827E-07	0.000002	2.5E-09	1.03617E-06
1365.02	9.72869E-07	0.000002	2.5E-09	1.02713E-06
1375.01	9.82426E-07	0.000002	2.5E-09	1.01757E-06
1385.01	9.79374E-07	0.000002	2.5E-09	1.02063E-06
1395.03	9.92001E-07	0.000002	2.5E-09	1.008E-06
1405.02	1.00345E-06	0.000002	2.5E-09	9.96547E-07
1415.02	1.01245E-06	0.000002	2.5E-09	9.87551E-07
1425.02	1.02315E-06	0.000002	2.5E-09	9.76854E-07
1435.01	1.02005E-06	0.000002	2.5E-09	9.79949E-07
1445.01	1.03274E-06	0.000002	2.5E-09	9.67264E-07
1455.01	1.03426E-06	0.000002	2.5E-09	9.6574E-07
1465.02	1.05172E-06	0.000002	2.5E-09	9.48285E-07
1475.02	1.05323E-06	0.000002	2.5E-09	9.46772E-07
1485.01	1.05636E-06	0.000002	2.5E-09	9.43636E-07
1495.01	1.06515E-06	0.000002	2.5E-09	9.34855E-07
1505.01	1.07438E-06	0.000002	2.5E-09	9.25621E-07
1515.01	1.08816E-06	0.000002	2.5E-09	9.11843E-07
1525.02	1.09906E-06	0.000002	2.5E-09	9.00936E-07
1535.01	1.10005E-06	0.000002	2.5E-09	8.99949E-07
1545.01	1.1048E-06	0.000002	2.5E-09	8.95201E-07
1555.01	1.10933E-06	0.000002	2.5E-09	8.90672E-07
1565.01	1.11896E-06	0.000002	2.5E-09	8.81038E-07
1575.02	1.12273E-06	0.000002	2.5E-09	8.77274E-07
1585.01	1.14052E-06	0.000002	2.5E-09	8.59478E-07
1595.02	1.15112E-06	0.000002	2.5E-09	8.48875E-07
1605.01	1.14624E-06	0.000002	2.5E-09	8.53764E-07
1615.01	1.15182E-06	0.000002	2.5E-09	8.48183E-07
1625.01	1.17205E-06	0.000002	2.5E-09	8.27951E-07
1635.02	1.17574E-06	0.000002	2.5E-09	8.24263E-07
1645.02	1.17153E-06	0.000002	2.5E-09	8.28467E-07
1655.02	1.18939E-06	0.000002	2.5E-09	8.10613E-07
1665.02	1.19067E-06	0.000002	2.5E-09	8.09328E-07
1675.01	1.19304E-06	0.000002	2.5E-09	8.06964E-07
1685.01	1.20649E-06	0.000002	2.5E-09	7.93512E-07
1695.01	1.21718E-06	0.000002	2.5E-09	7.82815E-07
1705.01	1.21057E-06	0.000002	2.5E-09	7.89428E-07
1715.03	1.22785E-06	0.000002	2.5E-09	7.72148E-07
1725.02	1.22728E-06	0.000002	2.5E-09	7.72716E-07
1735.03	1.2344E-06	0.000002	2.5E-09	7.65596E-07
1745.02	1.23988E-06	0.000002	2.5E-09	7.60116E-07
1755.02	1.24797E-06	0.000002	2.5E-09	7.52029E-07
1765.02	1.25043E-06	0.000002	2.5E-09	7.49574E-07
1775.02	1.26767E-06	0.000002	2.5E-09	7.32325E-07
1785.01	1.26216E-06	0.000002	2.5E-09	7.37845E-07
1795.01	1.27451E-06	0.000002	2.5E-09	7.25488E-07
1805.02	1.28349E-06	0.000002	2.5E-09	7.16513E-07
1815.01	1.28447E-06	0.000002	2.5E-09	7.15527E-07
1825.01	1.29114E-06	0.000002	2.5E-09	7.08857E-07
1835.01	1.29766E-06	0.000002	2.5E-09	7.02336E-07
1845.01	1.3022E-06	0.000002	2.5E-09	6.97798E-07
1855.01	1.30658E-06	0.000002	2.5E-09	6.93422E-07
1865.02	1.30136E-06	0.000002	2.5E-09	6.98637E-07
1875.02	1.32343E-06	0.000002	2.5E-09	6.76568E-07
1885.02	1.3208E-06	0.000002	2.5E-09	6.792E-07
1895.02	1.32378E-06	0.000002	2.5E-09	6.76216E-07
1905.01	1.33811E-06	0.000002	2.5E-09	6.61888E-07
1915.02	1.35085E-06	0.000002	2.5E-09	6.49155E-07
1925	1.34803E-06	0.000002	2.5E-09	6.51975E-07
1935.01	1.353E-06	0.000002	2.5E-09	6.46996E-07
1945.01	1.364E-06	0.000002	2.5E-09	6.36004E-07
1955.02	1.35456E-06	0.000002	2.5E-09	6.45439E-07
1965.01	1.36792E-06	0.000002	2.5E-09	6.32078E-07
1975.02	1.37088E-06	0.000002	2.5E-09	6.29118E-07
1985.02	1.38254E-06	0.000002	2.5E-09	6.1746E-07
1995.02	1.38826E-06	0.000002	2.5E-09	6.11744E-07
2005.01	1.39267E-06	0.000002	2.5E-09	6.07333E-07
2015.01	1.39421E-06	0.000002	2.5E-09	6.0579E-07
2025.01	1.40029E-06	0.000002	2.5E-09	5.9971E-07
2035.01	1.40171E-06	0.000002	2.5E-09	5.98293E-07
2045.01	1.40894E-06	0.000002	2.5E-09	5.91058E-07
2055.01	1.42937E-06	0.000002	2.5E-09	5.70629E-07
2065.02	1.43037E-06	0.000002	2.5E-09	5.69629E-07
2075.02	1.42475E-06	0.000002	2.5E-09	5.75246E-07
2085.01	1.44702E-06	0.000002	2.5E-09	5.52981E-07
2095.01	1.42863E-06	0.000002	2.5E-09	5.71367E-07
2105.02	1.45327E-06	0.000002	2.5E-09	5.46731E-07
2115.01	1.45189E-06	0.000002	2.5E-09	5.4811E-07
2125.01	1.45875E-06	0.000002	2.5E-09	5.41245E-07
2135.02	1.46387E-06	0.000002	2.5E-09	5.36126E-07
2145.01	1.46657E-06	0.000002	2.5E-09	5.33426E-07
2155.02	1.4604E-06	0.000002	2.5E-09	5.39597E-07
2165.01	1.47041E-06	0.000002	2.5E-09	5.29594E-07
2175.02	1.47571E-06	0.000002	2.5E-09	5.24286E-07
2185.01	1.47945E-06	0.000002	2.5E-09	5.20555E-07
2195	1.494E-06	0.000002	2.5E-09	5.06003E-07
2205.02	1.48757E-06	0.000002	2.5E-09	5.12429E-07
2215.02	1.50127E-06	0.000002	2.5E-09	4.98728E-07
2225.01	1.49995E-06	0.000002	2.5E-09	5.00048E-07
2235.02	1.50443E-06	0.000002	2.5E-09	4.95572E-07
2245.01	1.50526E-06	0.000002	2.5E-09	4.94742E-07
2255.01	1.51609E-06	0.000002	2.5E-09	4.83906E-07
2265.01	1.51863E-06	0.000002	2.5E-09	4.81371E-07
2275.01	1.51713E-06	0.000002	2.5E-09	4.82874E-07
2285.02	1.52655E-06	0.000002	2.5E-09	4.73446E-07
2295.02	1.53115E-06	0.000002	2.5E-09	4.68847E-07
2305.02	1.54328E-06	0.000002	2.5E-09	4.56723E-07
2315.02	1.53702E-06	0.000002	2.5E-09	4.62981E-07
2325.01	1.53865E-06	0.000002	2.5E-09	4.6135E-07
2335.02	1.54467E-06	0.000002	2.5E-09	4.55329E-07
2345.02	1.55036E-06	0.000002	2.5E-09	4.49645E-07
2355.02	1.55329E-06	0.000002	2.5E-09	4.46709E-07
2365.01	1.55212E-06	0.000002	2.5E-09	4.47882E-07
2375.01	1.55978E-06	0.000002	2.5E-09	4.40224E-07
2385.02	1.55864E-06	0.000002	2.5E-09	4.41361E-07
2395.02	1.57601E-06	0.000002	2.5E-09	4.23986E-07
2405.01	1.56682E-06	0.000002	2.5E-09	4.33175E-07
2415.01	1.58959E-06	0.000002	2.5E-09	4.10409E-07
2425.01	1.58614E-06	0.000002	2.5E-09	4.13861E-07
2435.01	1.57597E-06	0.000002	2.5E-09	4.24031E-07
2445.02	1.5908E-06	0.000002	2.5E-09	4.09204E-07
2455.01	1.58435E-06	0.000002	2.5E-09	4.15647E-07
2465.01	1.59523E-06	0.000002	2.5E-09	4.04765E-07
2475.01	1.5981E-06	0.000002	2.5E-09	4.019E-07
2485.01	1.60867E-06	0.000002	2.5E-09	3.91335E-07
2495.02	1.60421E-06	0.000002	2.5E-09	3.9579E-07
2505.01	1.60669E-06	0.000002	2.5E-09	3.9331E-07
2515	1.59892E-06	0.000002	2.5E-09	4.0108E-07
2525.02	1.61206E-06	0.000002	2.5E-09	3.87939E-07
2535.01	1.62629E-06	0.000002	2.5E-09	3.73708E-07
2545.02	1.62118E-06	0.000002	2.5E-09	3.78821E-07
2555.01	1.62996E-06	0.000002	2.5E-09	3.70043E-07
2565.02	1.61891E-06	0.000002	2.5E-09	3.81086E-07
2575.01	1.62986E-06	0.000002	2.5E-09	3.70144E-07
2585.02	1.63021E-06	0.000002	2.5E-09	3.69785E-07
2595.02	1.646E-06	0.000002	2.5E-09	3.54003E-07
2605.03	1.64209E-06	0.000002	2.5E-09	3.57913E-07
2615.01	1.64274E-06	0.000002	2.5E-09	3.57262E-07
2625.01	1.64521E-06	0.000002	2.5E-09	3.54793E-07
2635.01	1.6425E-06	0.000002	2.5E-09	3.57495E-07
2645.01	1.65025E-06	0.000002	2.5E-09	3.49751E-07
2655.02	1.65973E-06	0.000002	2.5E-09	3.40267E-07
2665.01	1.66812E-06	0.000002	2.5E-09	3.31882E-07
2675.01	1.66764E-06	0.000002	2.5E-09	3.32359E-07
2685.01	1.65984E-06	0.000002	2.5E-09	3.40159E-07
2695.02	1.67325E-06	0.000002	2.5E-09	3.26746E-07
2705	1.66274E-06	0.000002	2.5E-09	3.37264E-07
2715.02	1.67584E-06	0.000002	2.5E-09	3.24156E-07
2725.01	1.6754E-06	0.000002	2.5E-09	3.24598E-07
2735.01	1.68626E-06	0.000002	2.5E-09	3.13742E-07
2745	1.68213E-06	0.000002	2.5E-09	3.17868E-07
2755.01	1.69251E-06	0.000002	2.5E-09	3.07486E-07
2765.03	1.68271E-06	0.000002	2.5E-09	3.17293E-07
2775.02	1.69109E-06	0.000002	2.5E-09	3.08908E-07
2785.02	1.69486E-06	0.000002	2.5E-09	3.05142E-07
2795.01	1.69641E-06	0.000002	2.5E-09	3.03588E-07
2805.02	1.69729E-06	0.000002	2.5E-09	3.02713E-07
2815.02	1.69891E-06	0.000002	2.5E-09	3.01086E-07
2825.02	1.70841E-06	0.000002	2.5E-09	2.9159E-07
2835.01	1.701E-06	0.000002	2.5E-09	2.98999E-07
2845.01	1.71402E-06	0.000002	2.5E-09	2.85984E-07
2855.01	1.71812E-06	0.000002	2.5E-09	2.81876E-07
2865.02	1.71826E-06	0.000002	2.5E-09	2.81737E-07
2875.02	1.71378E-06	0.000002	2.5E-09	2.86224E-07
2885.01	1.7179E-06	0.000002	2.5E-09	2.82104E-07
2895.02	1.71357E-06	0.000002	2.5E-09	2.86428E-07
2905.01	1.716E-06	0.000002	2.5E-09	2.84002E-07
2915.02	1.72335E-06	0.000002	2.5E-09	2.76653E-07
2925.02	1.72386E-06	0.000002	2.5E-09	2.76136E-07
2935.01	1.73565E-06	0.000002	2.5E-09	2.64351E-07
2945.02	1.73321E-06	0.000002	2.5E-09	2.66788E-07
2955.01	1.73386E-06	0.000002	2.5E-09	2.66136E-07
2965.02	1.73604E-06	0.000002	2.5E-09	2.63963E-07
2975.02	1.73606E-06	0.000002	2.5E-09	2.63935E-07
2985.01	1.73854E-06	0.000002	2.5E-09	2.61465E-07
2995.02	1.74705E-06	0.000002	2.5E-09	2.52953E-07
3005.01	1.74424E-06	0.000002	2.5E-09	2.55763E-07
3015.02	1.74881E-06	0.000002	2.5E-09	2.51191E-07
3025.02	1.74195E-06	0.000002	2.5E-09	2.58049E-07
3035.02	1.75184E-06	0.000002	2.5E-09	2.48155E-07
3045.01	1.74299E-06	0.000002	2.5E-09	2.57012E-07
3055.01	1.76541E-06	0.000002	2.5E-09	2.34592E-07
3065	1.75014E-06	0.000002	2.5E-09	2.49864E-07
3075.02	1.7628E-06	0.000002	2.5E-09	2.37205E-07
3085.02	1.74569E-06	0.000002	2.5E-09	2.54308E-07
3095.01	1.75985E-06	0.000002	2.5E-09	2.40147E-07
3105.02	1.76509E-06	0.000002	2.5E-09	2.34912E-07
3115.01	1.76722E-06	0.000002	2.5E-09	2.32781E-07
3125.02	1.76572E-06	0.000002	2.5E-09	2.34277E-07
3135.01	1.7658E-06	0.000002	2.5E-09	2.342E-07
3145.01	1.77299E-06	0.000002	2.5E-09	2.27012E-07
3155.02	1.77089E-06	0.000002	2.5E-09	2.29113E-07
3165.01	1.76679E-06	0.000002	2.5E-09	2.33206E-07
3175.01	1.77786E-06	0.000002	2.5E-09	2.22142E-07
3185.01	1.7704E-06	0.000002	2.5E-09	2.29603E-07
3195.02	1.77796E-06	0.000002	2.5E-09	2.22036E-07
3205.01	1.78705E-06	0.000002	2.5E-09	2.12953E-07
3215.01	1.77632E-06	0.000002	2.5E-09	2.23677E-07
3225.01	1.77677E-06	0.000002	2.5E-09	2.23232E-07
3235.02	1.78716E-06	0.000002	2.5E-09	2.12837E-07
3245.02	1.79364E-06	0.000002	2.5E-09	2.06363E-07
3255.01	1.79354E-06	0.000002	2.5E-09	2.0646E-07
3265.02	1.79624E-06	0.000002	2.5E-09	2.03762E-07
3275	1.78909E-06	0.000002	2.5E-09	2.10909E-07
3285.01	1.79954E-06	0.000002	2.5E-09	2.00459E-07
3295.01	1.79895E-06	0.000002	2.5E-09	2.01054E-07
3305.02	1.78621E-06	0.000002	2.5E-09	2.13792E-07
3315.02	1.80609E-06	0.000002	2.5E-09	1.93906E-07
3325.01	1.80049E-06	0.000002	2.5E-09	1.99509E-07
3335.02	1.79728E-06	0.000002	2.5E-09	2.02722E-07
3345.02	1.80019E-06	0.000002	2.5E-09	1.99808E-07
3355.02	1.7973E-06	0.000002	2.5E-09	2.02702E-07
3365.01	1.81275E-06	0.000002	2.5E-09	1.8725E-07
3375.01	1.80757E-06	0.000002	2.5E-09	1.92429E-07
3385.01	1.8059E-06	0.000002	2.5E-09	1.94099E-07
3395.02	1.81234E-06	0.000002	2.5E-09	1.87664E-07
3405.02	1.80864E-06	0.000002	2.5E-09	1.91361E-07
3415.01	1.81618E-06	0.000002	2.5E-09	1.83823E-07
3425.02	1.81863E-06	0.000002	2.5E-09	1.81374E-07
3435.01	1.8206E-06	0.000002	2.5E-09	1.79396E-07
3445.01	1.82218E-06	0.000002	2.5E-09	1.77817E-07
3455.02	1.8104E-06	0.000002	2.5E-09	1.89603E-07
3465.01	1.81956E-06	0.000002	2.5E-09	1.8044E-07
3475.02	1.81958E-06	0.000002	2.5E-09	1.8042E-07
3485.02	1.81881E-06	0.000002	2.5E-09	1.81185E-07
3495.02	1.82665E-06	0.000002	2.5E-09	1.73351E-07
3505.01	1.82179E-06	0.000002	2.5E-09	1.78212E-07
3515.01	1.82961E-06	0.000002	2.5E-09	1.70392E-07
3525.02	1.8282E-06	0.000002	2.5E-09	1.71797E-07
3535.02	1.82592E-06	0.000002	2.5E-09	1.74079E-07
3545.02	1.83424E-06	0.000002	2.5E-09	1.65757E-07
3555.02	1.83301E-06	0.000002	2.5E-09	1.66987E-07
3565	1.83839E-06	0.000002	2.5E-09	1.61615E-07
3575.02	1.82961E-06	0.000002	2.5E-09	1.70388E-07
3585.03	1.82294E-06	0.000002	2.5E-09	1.77058E-07
3595.02	1.83032E-06	0.000002	2.5E-09	1.69685E-07
3605.01	1.849E-06	0.000002	2.5E-09	1.50995E-07
3615.02	1.8332E-06	0.000002	2.5E-09	1.66799E-07
3625.01	1.84196E-06	0.000002	2.5E-09	1.58041E-07
3635.02	1.8336E-06	0.000002	2.5E-09	1.66401E-07
3645.01	1.841E-06	0.000002	2.5E-09	1.59003E-07
3655.01	1.83156E-06	0.000002	2.5E-09	1.68438E-07
3665.02	1.83369E-06	0.000002	2.5E-09	1.66307E-07
3675.02	1.84412E-06	0.000002	2.5E-09	1.55881E-07
3685.01	1.85208E-06	0.000002	2.5E-09	1.47919E-07
3695.02	1.85295E-06	0.000002	2.5E-09	1.47052E-07
3705.01	1.84918E-06	0.000002	2.5E-09	1.50816E-07
3715.01	1.85072E-06	0.000002	2.5E-09	1.49285E-07
3725.01	1.84779E-06	0.000002	2.5E-09	1.52208E-07
3735.01	1.85066E-06	0.000002	2.5E-09	1.4934E-07
3745.03	1.86816E-06	0.000002	2.5E-09	1.3184E-07
3755.01	1.84193E-06	0.000002	2.5E-09	1.58073E-07
3765.01	1.84388E-06	0.000002	2.5E-09	1.5612E-07
3775.02	1.85658E-06	0.000002	2.5E-09	1.43422E-07
3785.01	1.8527E-06	0.000002	2.5E-09	1.47302E-07
3795.02	1.85061E-06	0.000002	2.5E-09	1.49391E-07
3805.02	1.85233E-06	0.000002	2.5E-09	1.47673E-07
3815.02	1.85545E-06	0.000002	2.5E-09	1.44552E-07
3825.02	1.85961E-06	0.000002	2.5E-09	1.40392E-07
3835.02	1.84497E-06	0.000002	2.5E-09	1.55032E-07
3845.01	1.866E-06	0.000002	2.5E-09	1.34002E-07
3855.02	1.8675E-06	0.000002	2.5E-09	1.32498E-07
3865.01	1.86098E-06	0.000002	2.5E-09	1.39022E-07
3875.02	1.85982E-06	0.000002	2.5E-09	1.40179E-07
3885.02	1.86598E-06	0.000002	2.5E-09	1.34022E-07
3895.02	1.87302E-06	0.000002	2.5E-09	1.26979E-07
3905.01	1.85616E-06	0.000002	2.5E-09	1.43843E-07
3915.01	1.86308E-06	0.000002	2.5E-09	1.36924E-07
3925.02	1.86917E-06	0.000002	2.5E-09	1.30831E-07
3935.01	1.8523E-06	0.000002	2.5E-09	1.47699E-07
3945.01	1.8689E-06	0.000002	2.5E-09	1.31105E-07
3955.01	1.8542E-06	0.000002	2.5E-09	1.458E-07
3965.01	1.85084E-06	0.000002	2.5E-09	1.49156E-07
3975.02	1.86585E-06	0.000002	2.5E-09	1.34155E-07
3985.01	1.87069E-06	0.000002	2.5E-09	1.29311E-07
3995.02	1.86584E-06	0.000002	2.5E-09	1.34163E-07
4005.02	1.87707E-06	0.000002	2.5E-09	1.22926E-07
4015.02	1.86344E-06	0.000002	2.5E-09	1.36559E-07
4025.02	1.86129E-06	0.000002	2.5E-09	1.38708E-07
4035.02	1.87139E-06	0.000002	2.5E-09	1.28611E-07
4045.02	1.86083E-06	0.000002	2.5E-09	1.3917E-07
4055.02	1.86999E-06	0.000002	2.5E-09	1.30008E-07
4065.01	1.88148E-06	0.000002	2.5E-09	1.18523E-07
4075.02	1.86391E-06	0.000002	2.5E-09	1.36086E-07
4085.02	1.88188E-06	0.000002	2.5E-09	1.18121E-07
4095.01	1.86949E-06	0.000002	2.5E-09	1.30505E-07
4105.01	1.87477E-06	0.000002	2.5E-09	1.25226E-07
4115.01	1.87579E-06	0.000002	2.5E-09	1.2421E-07
4125.01	1.87273E-06	0.000002	2.5E-09	1.27267E-07
4135.02	1.86435E-06	0.000002	2.5E-09	1.35652E-07
4145.02	1.87167E-06	0.000002	2.5E-09	1.28328E-07
4155.02	1.86927E-06	0.000002	2.5E-09	1.30731E-07
4165.01	1.88115E-06	0.000002	2.5E-09	1.18847E-07
4175.01	1.878E-06	0.000002	2.5E-09	1.22004E-07
4185.01	1.87919E-06	0.000002	2.5E-09	1.20814E-07
4195.01	1.87753E-06	0.000002	2.5E-09	1.22469E-07
4205.01	1.87683E-06	0.000002	2.5E-09	1.23172E-07
4215.01	1.88264E-06	0.000002	2.5E-09	1.17362E-07
4225.01	1.87158E-06	0.000002	2.5E-09	1.28418E-07
4235.02	1.89268E-06	0.000002	2.5E-09	1.07319E-07
4245.02	1.88017E-06	0.000002	2.5E-09	1.19828E-07
4255.02	1.87852E-06	0.000002	2.5E-09	1.21479E-07
4265.02	1.88845E-06	0.000002	2.5E-09	1.11548E-07
4275.02	1.87658E-06	0.000002	2.5E-09	1.23421E-07
4285.01	1.87714E-06	0.000002	2.5E-09	1.22858E-07
4295.02	1.87763E-06	0.000002	2.5E-09	1.22367E-07
4305.01	1.8901E-06	0.000002	2.5E-09	1.09901E-07
4315.02	1.874E-06	0.000002	2.5E-09	1.25997E-07
4325.02	1.87761E-06	0.000002	2.5E-09	1.22387E-07
4335.01	1.87411E-06	0.000002	2.5E-09	1.25888E-07
4345.01	1.8626E-06	0.000002	2.5E-09	1.37396E-07
4355.01	1.88372E-06	0.000002	2.5E-09	1.16276E-07
4365.02	1.87435E-06	0.000002	2.5E-09	1.25646E-07
4375.02	1.89551E-06	0.000002	2.5E-09	1.04487E-07
4385.02	1.88219E-06	0.000002	2.5E-09	1.17811E-07
4395	1.87855E-06	0.000002	2.5E-09	1.21451E-07
4405.02	1.87343E-06	0.000002	2.5E-09	1.26565E-07
4415.02	1.88161E-06	0.000002	2.5E-09	1.18393E-07
4425.01	1.87354E-06	0.000002	2.5E-09	1.26463E-07
4435.02	1.86589E-06	0.000002	2.5E-09	1.34105E-07
4445.01	1.87231E-06	0.000002	2.5E-09	1.27689E-07
4455.02	1.88861E-06	0.000002	2.5E-09	1.11386E-07
4465.01	1.88129E-06	0.000002	2.5E-09	1.18714E-07
4475.02	1.87591E-06	0.000002	2.5E-09	1.24088E-07
4485.01	1.88579E-06	0.000002	2.5E-09	1.14207E-07
4495.01	1.88172E-06	0.000002	2.5E-09	1.18283E-07
4505.01	1.89492E-06	0.000002	2.5E-09	1.05082E-07
4515.02	1.87136E-06	0.000002	2.5E-09	1.2864E-07
4525	1.88111E-06	0.000002	2.5E-09	1.18891E-07
4535.01	1.89636E-06	0.000002	2.5E-09	1.0364E-07
4545.02	1.86642E-06	0.000002	2.5E-09	1.3358E-07
4555.01	1.89215E-06	0.000002	2.5E-09	1.07851E-07
4565.01	1.87998E-06	0.000002	2.5E-09	1.20017E-07
4575.02	1.88199E-06	0.000002	2.5E-09	1.18007E-07
4585.01	1.88381E-06	0.000002	2.5E-09	1.1619E-07
4595.02	1.89013E-06	0.000002	2.5E-09	1.09875E-07
4605.02	1.87299E-06	0.000002	2.5E-09	1.2701E-07
4615	1.87688E-06	0.000002	2.5E-09	1.2312E-07
4625.02	1.88065E-06	0.000002	2.5E-09	1.19348E-07
4635.02	1.89011E-06	0.000002	2.5E-09	1.09889E-07
4645.02	1.87638E-06	0.000002	2.5E-09	1.23617E-07
4655.02	1.87787E-06	0.000002	2.5E-09	1.22129E-07
4665.01	1.86982E-06	0.000002	2.5E-09	1.30176E-07
4675.01	1.89452E-06	0.000002	2.5E-09	1.05484E-07
4685.01	1.8881E-06	0.000002	2.5E-09	1.11899E-07
4695.01	0.0000019	0.000002	2.5E-09	1E-07
4705.02	1.88313E-06	0.000002	2.5E-09	1.16874E-07
4715.01	1.88241E-06	0.000002	2.5E-09	1.17593E-07
4725.02	1.87845E-06	0.000002	2.5E-09	1.21551E-07
4735.02	1.89015E-06	0.000002	2.5E-09	1.09845E-07
4745.02	1.8885E-06	0.000002	2.5E-09	1.115E-07
4755.01	1.89334E-06	0.000002	2.5E-09	1.06663E-07
4765.01	1.87703E-06	0.000002	2.5E-09	1.22973E-07
4775	1.87659E-06	0.000002	2.5E-09	1.23405E-07
4785.02	1.8732E-06	0.000002	2.5E-09	1.26805E-07
4795.02	1.8852E-06	0.000002	2.5E-09	1.14801E-07
4805.01	1.88263E-06	0.000002	2.5E-09	1.17375E-07
4815.02	1.88585E-06	0.000002	2.5E-09	1.14155E-07
4825.01	1.88751E-06	0.000002	2.5E-09	1.12488E-07
4835.02	1.89392E-06	0.000002	2.5E-09	1.06075E-07
4845.01	1.87567E-06	0.000002	2.5E-09	1.24329E-07
4855.01	1.88746E-06	0.000002	2.5E-09	1.12542E-07
4865.02	1.88583E-06	0.000002	2.5E-09	1.1417E-07
4875.02	1.8886E-06	0.000002	2.5E-09	1.11405E-07
4885.01	1.88E-06	0.000002	2.5E-09	1.19997E-07
4895.01	1.87933E-06	0.000002	2.5E-09	1.20674E-07
4905.02	1.89866E-06	0.000002	2.5E-09	1.0134E-07
4915.02	1.87836E-06	0.000002	2.5E-09	1.21642E-07
4925.01	1.88435E-06	0.000002	2.5E-09	1.15654E-07
4935	1.88271E-06	0.000002	2.5E-09	1.17288E-07
4945.01	1.88766E-06	0.000002	2.5E-09	1.12336E-07
4955.01	1.88331E-06	0.000002	2.5E-09	1.16693E-07
4965.01	1.889E-06	0.000002	2.5E-09	1.11E-07
4975.01	1.8678E-06	0.000002	2.5E-09	1.32202E-07
4985.01	1.87863E-06	0.000002	2.5E-09	1.21369E-07
4995.01	1.87687E-06	0.000002	2.5E-09	1.23132E-07
5005.01	1.87777E-06	0.000002	2.5E-09	1.2223E-07
5015.01	1.88343E-06	0.000002	2.5E-09	1.16574E-07
5025.01	1.87508E-06	0.000002	2.5E-09	1.24917E-07
5035.02	1.87716E-06	0.000002	2.5E-09	1.2284E-07
5045.01	1.88413E-06	0.000002	2.5E-09	1.15871E-07
5055.01	1.87408E-06	0.000002	2.5E-09	1.25919E-07
5065.01	1.87587E-06	0.000002	2.5E-09	1.24135E-07
5075.02	1.88802E-06	0.000002	2.5E-09	1.11976E-07
5085.02	1.86481E-06	0.000002	2.5E-09	1.3519E-07
5095.01	1.87404E-06	0.000002	2.5E-09	1.25963E-07
5105.01	1.88659E-06	0.000002	2.5E-09	1.13415E-07
5115.02	1.88595E-06	0.000002	2.5E-09	1.14054E-07
5125.02	1.88311E-06	0.000002	2.5E-09	1.16888E-07
5135.02	1.88562E-06	0.000002	2.5E-09	1.14382E-07
5145.01	1.87359E-06	0.000002	2.5E-09	1.26406E-07
5155.01	1.86589E-06	0.000002	2.5E-09	1.34115E-07
5165.01	1.88377E-06	0.000002	2.5E-09	1.16233E-07
5175.02	1.88135E-06	0.000002	2.5E-09	1.1865E-07
5185.02	1.88449E-06	0.000002	2.5E-09	1.15508E-07
5195.01	1.87882E-06	0.000002	2.5E-09	1.21176E-07
5205.01	1.87887E-06	0.000002	2.5E-09	1.21131E-07
5215.02	1.87813E-06	0.000002	2.5E-09	1.2187E-07
5225.02	1.88028E-06	0.000002	2.5E-09	1.19716E-07
5235.01	1.88287E-06	0.000002	2.5E-09	1.17129E-07
5245.01	1.87855E-06	0.000002	2.5E-09	1.21452E-07
5255.02	1.8742E-06	0.000002	2.5E-09	1.25797E-07
5265.02	1.87198E-06	0.000002	2.5E-09	1.28018E-07
5275.01	1.87778E-06	0.000002	2.5E-09	1.22219E-07
5285.01	1.87443E-06	0.000002	2.5E-09	1.25566E-07
5295.01	1.8658E-06	0.000002	2.5E-09	1.34204E-07
5305.02	1.88014E-06	0.000002	2.5E-09	1.19861E-07
5315.02	1.86813E-06	0.000002	2.5E-09	1.31868E-07
5325.01	1.87193E-06	0.000002	2.5E-09	1.28069E-07
5335.01	1.87987E-06	0.000002	2.5E-09	1.20125E-07
5345.02	1.87377E-06	0.000002	2.5E-09	1.26233E-07
5355.01	1.87437E-06	0.000002	2.5E-09	1.25626E-07
5365.02	1.8801E-06	0.000002	2.5E-09	1.19901E-07
5375.02	1.88187E-06	0.000002	2.5E-09	1.18129E-07
5385.01	1.8736E-06	0.000002	2.5E-09	1.26401E-07
5395	1.87528E-06	0.000002	2.5E-09	1.24722E-07
5405.01	1.87367E-06	0.000002	2.5E-09	1.26335E-07
5415.02	1.86687E-06	0.000002	2.5E-09	1.33133E-07
5425.02	1.88175E-06	0.000002	2.5E-09	1.18252E-07
5435.02	1.87057E-06	0.000002	2.5E-09	1.29425E-07
5445.01	1.86403E-06	0.000002	2.5E-09	1.35975E-07
5455.02	1.87253E-06	0.000002	2.5E-09	1.27474E-07
5465.02	1.88535E-06	0.000002	2.5E-09	1.14649E-07
5475.01	1.86952E-06	0.000002	2.5E-09	1.30477E-07
5485.02	1.86831E-06	0.000002	2.5E-09	1.31692E-07
5495.01	1.8763E-06	0.000002	2.5E-09	1.23699E-07
5505.02	1.87529E-06	0.000002	2.5E-09	1.24714E-07
5515.02	1.8809E-06	0.000002	2.5E-09	1.19104E-07
5525.02	1.86673E-06	0.000002	2.5E-09	1.33273E-07
5535.02	1.87323E-06	0.000002	2.5E-09	1.26768E-07
5545.01	1.8789E-06	0.000002	2.5E-09	1.21099E-07
5555	1.87908E-06	0.000002	2.5E-09	1.20921E-07
5565.02	1.86801E-06	0.000002	2.5E-09	1.31985E-07
5575.02	1.86313E-06	0.000002	2.5E-09	1.36873E-07
5585.01	1.86795E-06	0.000002	2.5E-09	1.32047E-07
5595.02	1.86909E-06	0.000002	2.5E-09	1.30907E-07
5605.02	1.87801E-06	0.000002	2.5E-09	1.21993E-07
5615.02	1.87203E-06	0.000002	2.5E-09	1.27967E-07
5625.01	1.86704E-06	0.000002	2.5E-09	1.32956E-07
5635.02	1.87917E-06	0.000002	2.5E-09	1.20834E-07
5645.01	1.8703E-06	0.000002	2.5E-09	1.29697E-07
5655.02	1.87928E-06	0.000002	2.5E-09	1.20717E-07
5665.02	1.85534E-06	0.000002	2.5E-09	1.44657E-07
5675.02	1.87725E-06	0.000002	2.5E-09	1.22749E-07
5685.01	1.87678E-06	0.000002	2.5E-09	1.23218E-07
5695.02	1.87092E-06	0.000002	2.5E-09	1.29076E-07
5705.01	1.86116E-06	0.000002	2.5E-09	1.38843E-07
5715.02	1.86275E-06	0.000002	2.5E-09	1.37248E-07
5725.01	1.87206E-06	0.000002	2.5E-09	1.27937E-07
5735.01	1.87962E-06	0.000002	2.5E-09	1.20383E-07
5745.01	1.86622E-06	0.000002	2.5E-09	1.33782E-07
5755.01	1.86563E-06	0.000002	2.5E-09	1.34373E-07
5765.01	1.85627E-06	0.000002	2.5E-09	1.43735E-07
5775.02	1.8703E-06	0.000002	2.5E-09	1.29702E-07
5785.02	1.87924E-06	0.000002	2.5E-09	1.20757E-07
5795.02	1.86727E-06	0.000002	2.5E-09	1.32727E-07
5805.02	1.86861E-06	0.000002	2.5E-09	1.31389E-07
5815.01	1.86221E-06	0.000002	2.5E-09	1.37786E-07
5825	1.87188E-06	0.000002	2.5E-09	1.28123E-07
5835.01	1.85672E-06	0.000002	2.5E-09	1.43279E-07
5845.01	1.86955E-06	0.000002	2.5E-09	1.30451E-07
5855.01	1.86302E-06	0.000002	2.5E-09	1.36981E-07
5865.01	1.86174E-06	0.000002	2.5E-09	1.38257E-07
5875.02	1.8625E-06	0.000002	2.5E-09	1.37497E-07
5885.01	1.85973E-06	0.000002	2.5E-09	1.4027E-07
5895.01	1.86096E-06	0.000002	2.5E-09	1.39036E-07
5905.02	1.85855E-06	0.000002	2.5E-09	1.41452E-07
5915.01	1.86541E-06	0.000002	2.5E-09	1.34594E-07
5925.02	1.86332E-06	0.000002	2.5E-09	1.36683E-07
5935.02	1.86421E-06	0.000002	2.5E-09	1.35794E-07
5945.02	1.85752E-06	0.000002	2.5E-09	1.42475E-07
5955.02	1.86394E-06	0.000002	2.5E-09	1.36057E-07
5965.02	1.86073E-06	0.000002	2.5E-09	1.39274E-07
5975.02	1.86208E-06	0.000002	2.5E-09	1.3792E-07
5985.01	1.85939E-06	0.000002	2.5E-09	1.40606E-07
5995.01	1.86715E-06	0.000002	2.5E-09	1.32852E-07
6005.02	1.85491E-06	0.000002	2.5E-09	1.4509E-07
6015.02	1.84671E-06	0.000002	2.5E-09	1.53294E-07
6025.01	1.8672E-06	0.000002	2.5E-09	1.32795E-07
6035.02	1.86357E-06	0.000002	2.5E-09	1.36434E-07
6045.02	1.85558E-06	0.000002	2.5E-09	1.44421E-07
6055.02	1.86359E-06	0.000002	2.5E-09	1.36411E-07
6065.02	1.85163E-06	0.000002	2.5E-09	1.48365E-07
6075.02	1.85507E-06	0.000002	2.5E-09	1.44926E-07
6085.02	1.86143E-06	0.000002	2.5E-09	1.38574E-07
6095.02	1.86327E-06	0.000002	2.5E-09	1.36727E-07
6105.02	1.85243E-06	0.000002	2.5E-09	1.47568E-07
6115.02	1.87006E-06	0.000002	2.5E-09	1.29937E-07
6125.02	1.85369E-06	0.000002	2.5E-09	1.46313E-07
6135.01	1.87197E-06	0.000002	2.5E-09	1.28032E-07
6145.01	1.85792E-06	0.000002	2.5E-09	1.42084E-07
6155.02	1.85649E-06	0.000002	2.5E-09	1.43514E-07
6165.02	1.85166E-06	0.000002	2.5E-09	1.48337E-07
6175.02	1.86287E-06	0.000002	2.5E-09	1.37132E-07
6185.01	1.85409E-06	0.000002	2.5E-09	1.45915E-07
6195.02	1.85444E-06	0.000002	2.5E-09	1.45556E-07
6205.02	1.86948E-06	0.000002	2.5E-09	1.30518E-07
6215.02	1.85564E-06	0.000002	2.5E-09	1.44356E-07
6225.02	1.84607E-06	0.000002	2.5E-09	1.53934E-07
6235	1.85731E-06	0.000002	2.5E-09	1.42695E-07
6245.01	1.84567E-06	0.000002	2.5E-09	1.54331E-07
6255.01	1.85672E-06	0.000002	2.5E-09	1.43276E-07
6265.02	1.8495E-06	0.000002	2.5E-09	1.50498E-07
6275.02	1.84536E-06	0.000002	2.5E-09	1.54638E-07
6285.01	1.85707E-06	0.000002	2.5E-09	1.42933E-07
6295.01	1.85587E-06	0.000002	2.5E-09	1.44125E-07
6305.02	1.84459E-06	0.000002	2.5E-09	1.55411E-07
6315.01	1.85543E-06	0.000002	2.5E-09	1.44574E-07
6325.02	1.84565E-06	0.000002	2.5E-09	1.54351E-07
6335.01	1.84951E-06	0.000002	2.5E-09	1.50485E-07
6345.01	1.84751E-06	0.000002	2.5E-09	1.52491E-07
6355.02	1.85653E-06	0.000002	2.5E-09	1.43467E-07
6365.01	1.84522E-06	0.000002	2.5E-09	1.54779E-07
6375.02	1.83827E-06	0.000002	2.5E-09	1.61732E-07
6385.02	1.8531E-06	0.000002	2.5E-09	1.46897E-07
6395.01	1.85523E-06	0.000002	2.5E-09	1.44767E-07
6405.02	1.85223E-06	0.000002	2.5E-09	1.47766E-07
6415.02	1.84768E-06	0.000002	2.5E-09	1.52318E-07
6425.01	1.85003E-06	0.000002	2.5E-09	1.49974E-07
6435.01	1.84771E-06	0.000002	2.5E-09	1.52287E-07
6445.01	1.84591E-06	0.000002	2.5E-09	1.54085E-07
6455.02	1.84699E-06	0.000002	2.5E-09	1.53005E-07
6465.01	1.84934E-06	0.000002	2.5E-09	1.50663E-07
6475.01	1.84669E-06	0.000002	2.5E-09	1.53314E-07
6485.01	1.8457E-06	0.000002	2.5E-09	1.54302E-07
6495.02	1.85273E-06	0.000002	2.5E-09	1.47273E-07
6505.02	1.84221E-06	0.000002	2.5E-09	1.57786E-07
6515.02	1.84279E-06	0.000002	2.5E-09	1.57208E-07
6525.01	1.83403E-06	0.000002	2.5E-09	1.6597E-07
6535.02	1.84536E-06	0.000002	2.5E-09	1.54635E-07
6545.02	1.84415E-06	0.000002	2.5E-09	1.55853E-07
6555.02	1.84657E-06	0.000002	2.5E-09	1.53427E-07
6565.01	1.84175E-06	0.000002	2.5E-09	1.58254E-07
6575.02	1.84507E-06	0.000002	2.5E-09	1.54926E-07
6585.01	1.85046E-06	0.000002	2.5E-09	1.49541E-07
6595.01	1.84363E-06	0.000002	2.5E-09	1.56372E-07
6605.02	1.84372E-06	0.000002	2.5E-09	1.56282E-07
6615.01	1.84299E-06	0.000002	2.5E-09	1.5701E-07
6625.01	1.85459E-06	0.000002	2.5E-09	1.45413E-07
6635.02	1.8416E-06	0.000002	2.5E-09	1.58396E-07
6645.02	1.84594E-06	0.000002	2.5E-09	1.54061E-07
6655.02	1.8389E-06	0.000002	2.5E-09	1.61097E-07
6665.02	1.84005E-06	0.000002	2.5E-09	1.59954E-07
6675.02	1.83114E-06	0.000002	2.5E-09	1.68858E-07
6685.01	1.84723E-06	0.000002	2.5E-09	1.52772E-07
6695.02	1.84864E-06	0.000002	2.5E-09	1.51357E-07
6705.01	1.83753E-06	0.000002	2.5E-09	1.62472E-07
6715.02	1.83954E-06	0.000002	2.5E-09	1.60464E-07
6725.02	1.85273E-06	0.000002	2.5E-09	1.47274E-07
6735.02	1.84097E-06	0.000002	2.5E-09	1.5903E-07
6745.01	1.84272E-06	0.000002	2.5E-09	1.57282E-07
6755.01	1.83702E-06	0.000002	2.5E-09	1.62979E-07
6765.02	1.83438E-06	0.000002	2.5E-09	1.65623E-07
6775.02	1.83569E-06	0.000002	2.5E-09	1.64309E-07
6785.01	1.83386E-06	0.000002	2.5E-09	1.6614E-07
6795.02	1.84798E-06	0.000002	2.5E-09	1.52023E-07
6805.03	1.85403E-06	0.000002	2.5E-09	1.45975E-07
6815.02	1.83639E-06	0.000002	2.5E-09	1.63606E-07
6825.02	1.84803E-06	0.000002	2.5E-09	1.51973E-07
6835.02	1.84782E-06	0.000002	2.5E-09	1.5218E-07
6845.01	1.83468E-06	0.000002	2.5E-09	1.6532E-07
6855.02	1.83999E-06	0.000002	2.5E-09	1.60014E-07
6865.01	1.84864E-06	0.000002	2.5E-09	1.51358E-07
6875	1.83704E-06	0.000002	2.5E-09	1.62964E-07
6885.02	1.84105E-06	0.000002	2.5E-09	1.58952E-07
6895.01	1.83464E-06	0.000002	2.5E-09	1.6536E-07
6905.01	1.83569E-06	0.000002	2.5E-09	1.64314E-07
6915.02	1.83827E-06	0.000002	2.5E-09	1.61731E-07
6925.01	1.83953E-06	0.000002	2.5E-09	1.60474E-07
6935.02	1.84055E-06	0.000002	2.5E-09	1.5945E-07
6945.01	1.83257E-06	0.000002	2.5E-09	1.67434E-07
6955.01	1.83188E-06	0.000002	2.5E-09	1.6812E-07
6965.01	1.82783E-06	0.000002	2.5E-09	1.72174E-07
6975.02	1.83761E-06	0.000002	2.5E-09	1.62392E-07
6985.02	1.83541E-06	0.000002	2.5E-09	1.64586E-07
6995.01	1.83509E-06	0.000002	2.5E-09	1.64909E-07
7005.01	1.82832E-06	0.000002	2.5E-09	1.71684E-07
7015.01	1.82672E-06	0.000002	2.5E-09	1.73282E-07
7025.02	1.83473E-06	0.000002	2.5E-09	1.65266E-07
7035.02	1.8397E-06	0.000002	2.5E-09	1.60304E-07
7045.02	1.83483E-06	0.000002	2.5E-09	1.65173E-07
7055.01	1.84035E-06	0.000002	2.5E-09	1.59649E-07
7065.02	1.82301E-06	0.000002	2.5E-09	1.76989E-07
7075.02	1.82703E-06	0.000002	2.5E-09	1.72968E-07
7085.02	1.82886E-06	0.000002	2.5E-09	1.71136E-07
7095.01	1.8228E-06	0.000002	2.5E-09	1.77202E-07
7105.02	1.83397E-06	0.000002	2.5E-09	1.66028E-07
7115.01	1.8185E-06	0.000002	2.5E-09	1.81505E-07
7125.03	1.82855E-06	0.000002	2.5E-09	1.71448E-07
7135.01	1.82682E-06	0.000002	2.5E-09	1.73184E-07
7145.02	1.8193E-06	0.000002	2.5E-09	1.80705E-07
7155.02	1.82957E-06	0.000002	2.5E-09	1.7043E-07
7165.01	1.83459E-06	0.000002	2.5E-09	1.65414E-07
7175	1.83752E-06	0.000002	2.5E-09	1.62483E-07
7185.01	1.82228E-06	0.000002	2.5E-09	1.77716E-07
7195.02	1.82744E-06	0.000002	2.5E-09	1.72563E-07
7205.01	1.82981E-06	0.000002	2.5E-09	1.70185E-07
7215.02	1.82516E-06	0.000002	2.5E-09	1.74842E-07
7225.02	1.83843E-06	0.000002	2.5E-09	1.61571E-07
7235.02	1.82606E-06	0.000002	2.5E-09	1.73937E-07
7245.02	1.83045E-06	0.000002	2.5E-09	1.69547E-07
7255.02	1.82206E-06	0.000002	2.5E-09	1.7794E-07
7265.01	1.81229E-06	0.000002	2.5E-09	1.87707E-07
7275.01	1.82174E-06	0.000002	2.5E-09	1.78256E-07
7285.01	1.82595E-06	0.000002	2.5E-09	1.74051E-07
7295.01	1.81823E-06	0.000002	2.5E-09	1.81771E-07
7305.01	1.81826E-06	0.000002	2.5E-09	1.8174E-07
7315.02	1.82994E-06	0.000002	2.5E-09	1.7006E-07
7325.02	1.82662E-06	0.000002	2.5E-09	1.73376E-07
7335.02	1.82153E-06	0.000002	2.5E-09	1.78466E-07
7345.01	1.8276E-06	0.000002	2.5E-09	1.72404E-07
7355.02	1.83103E-06	0.000002	2.5E-09	1.68969E-07
7365.01	1.82656E-06	0.000002	2.5E-09	1.73444E-07
7375.01	1.81604E-06	0.000002	2.5E-09	1.8396E-07
7385.02	1.82173E-06	0.000002	2.5E-09	1.78266E-07
7395.01	1.81033E-06	0.000002	2.5E-09	1.89674E-07
7405.02	1.81575E-06	0.000002	2.5E-09	1.84249E-07
7415.01	1.81354E-06	0.000002	2.5E-09	1.86462E-07
7425.02	1.82015E-06	0.000002	2.5E-09	1.79855E-07
7435.01	1.81767E-06	0.000002	2.5E-09	1.82328E-07
7445.02	1.83015E-06	0.000002	2.5E-09	1.69855E-07
7455.01	1.825E-06	0.000002	2.5E-09	1.75003E-07
7465.02	1.82238E-06	0.000002	2.5E-09	1.77616E-07
7475.01	1.82062E-06	0.000002	2.5E-09	1.7938E-07
7485.01	1.81824E-06	0.000002	2.5E-09	1.81755E-07
7495.02	1.83287E-06	0.000002	2.5E-09	1.67132E-07
7505.01	1.81433E-06	0.000002	2.5E-09	1.85669E-07
7515.01	1.81416E-06	0.000002	2.5E-09	1.85837E-07
7525.01	1.81947E-06	0.000002	2.5E-09	1.80533E-07
7535.02	1.81457E-06	0.000002	2.5E-09	1.85431E-07
7545.02	1.81415E-06	0.000002	2.5E-09	1.85848E-07
7555.02	1.80146E-06	0.000002	2.5E-09	1.98538E-07
7565.02	1.82894E-06	0.000002	2.5E-09	1.71065E-07
7575.01	1.82111E-06	0.000002	2.5E-09	1.78892E-07
7585.02	1.82556E-06	0.000002	2.5E-09	1.74444E-07
7595.01	1.81833E-06	0.000002	2.5E-09	1.81672E-07
7605.01	1.81592E-06	0.000002	2.5E-09	1.84084E-07
7615.02	1.81277E-06	0.000002	2.5E-09	1.87231E-07
7625.02	1.80608E-06	0.000002	2.5E-09	1.93925E-07
7635.01	1.81589E-06	0.000002	2.5E-09	1.84108E-07
7645.01	1.81539E-06	0.000002	2.5E-09	1.84611E-07
7655.02	1.81052E-06	0.000002	2.5E-09	1.89478E-07
7665.01	1.81351E-06	0.000002	2.5E-09	1.86491E-07
7675.02	1.82095E-06	0.000002	2.5E-09	1.79048E-07
7685.01	1.81005E-06	0.000002	2.5E-09	1.89954E-07
7695.02	1.818E-06	0.000002	2.5E-09	1.82002E-07
7705.02	1.81285E-06	0.000002	2.5E-09	1.87154E-07
7715.01	1.82563E-06	0.000002	2.5E-09	1.74368E-07
7725.02	1.81722E-06	0.000002	2.5E-09	1.82783E-07
7735.02	1.81136E-06	0.000002	2.5E-09	1.88636E-07
7745.02	1.80575E-06	0.000002	2.5E-09	1.94248E-07
7755.02	1.80504E-06	0.000002	2.5E-09	1.94963E-07
7765.02	1.81302E-06	0.000002	2.5E-09	1.86981E-07
7775.02	1.81015E-06	0.000002	2.5E-09	1.89849E-07
7785.02	1.81527E-06	0.000002	2.5E-09	1.8473E-07
7795.02	1.81377E-06	0.000002	2.5E-09	1.8623E-07
7805.01	1.81024E-06	0.000002	2.5E-09	1.89762E-07
7815.01	1.80768E-06	0.000002	2.5E-09	1.92321E-07
7825.02	1.80938E-06	0.000002	2.5E-09	1.90617E-07
7835.01	1.81606E-06	0.000002	2.5E-09	1.83942E-07
7845.01	1.81267E-06	0.000002	2.5E-09	1.87328E-07
7855.02	1.81005E-06	0.000002	2.5E-09	1.89949E-07
7865.02	1.80362E-06	0.000002	2.5E-09	1.96381E-07
7875.02	1.8069E-06	0.000002	2.5E-09	1.93104E-07
7885.02	1.81148E-06	0.000002	2.5E-09	1.8852E-07
7895.02	1.81125E-06	0.000002	2.5E-09	1.88745E-07
7905.02	1.80712E-06	0.000002	2.5E-09	1.92879E-07
7915.01	1.80782E-06	0.000002	2.5E-09	1.9218E-07
7925.02	1.80738E-06	0.000002	2.5E-09	1.92616E-07
7935.01	1.81871E-06	0.000002	2.5E-09	1.81295E-07
7945.01	1.81251E-06	0.000002	2.5E-09	1.87494E-07
7955.01	1.80801E-06	0.000002	2.5E-09	1.91995E-07
7965.02	1.79939E-06	0.000002	2.5E-09	2.00606E-07
7975.01	1.79824E-06	0.000002	2.5E-09	2.01763E-07
7985.01	1.80666E-06	0.000002	2.5E-09	1.93341E-07
7995.01	1.80009E-06	0.000002	2.5E-09	1.99907E-07
8005.02	1.80397E-06	0.000002	2.5E-09	1.96032E-07
8015.01	1.79975E-06	0.000002	2.5E-09	2.00252E-07
8025.02	1.81454E-06	0.000002	2.5E-09	1.85464E-07
8035.02	1.79843E-06	0.000002	2.5E-09	2.01573E-07
8045.01	1.79771E-06	0.000002	2.5E-09	2.02287E-07
