Time (s)	[F-actin] M	[G-act]	[A208W]	[G-act] (t)
15.04	4.58378E-09	0.000002	0.00000002	1.99542E-06
25.01	1.05961E-09	0.000002	0.00000002	1.99894E-06
35.02	0	0.000002	0.00000002	0.000002
45.01	3.68946E-09	0.000002	0.00000002	1.99631E-06
55.02	1.85063E-09	0.000002	0.00000002	1.99815E-06
65.02	3.29985E-09	0.000002	0.00000002	1.9967E-06
75.02	3.2054E-09	0.000002	0.00000002	1.99679E-06
85.02	6.23223E-09	0.000002	0.00000002	1.99377E-06
95.01	5.76293E-09	0.000002	0.00000002	1.99424E-06
105.01	6.2101E-09	0.000002	0.00000002	1.99379E-06
115.01	9.4701E-09	0.000002	0.00000002	1.99053E-06
125.02	9.85971E-09	0.000002	0.00000002	1.99014E-06
135.03	1.05784E-08	0.000002	0.00000002	1.98942E-06
145.02	1.35565E-08	0.000002	0.00000002	1.98644E-06
155.01	1.90332E-08	0.000002	0.00000002	1.98097E-06
165.02	1.95217E-08	0.000002	0.00000002	1.98048E-06
175.01	2.49481E-08	0.000002	0.00000002	1.97505E-06
185.01	2.31063E-08	0.000002	0.00000002	1.97689E-06
195.02	3.50513E-08	0.000002	0.00000002	1.96495E-06
205	3.57936E-08	0.000002	0.00000002	1.96421E-06
215.02	3.7507E-08	0.000002	0.00000002	1.96249E-06
225.01	4.31371E-08	0.000002	0.00000002	1.95686E-06
235.01	4.73815E-08	0.000002	0.00000002	1.95262E-06
245.01	5.80366E-08	0.000002	0.00000002	1.94196E-06
255.01	5.54776E-08	0.000002	0.00000002	1.94452E-06
265.01	6.28359E-08	0.000002	0.00000002	1.93716E-06
275.01	6.41744E-08	0.000002	0.00000002	1.93583E-06
285.02	7.58656E-08	0.000002	0.00000002	1.92413E-06
295.01	8.18396E-08	0.000002	0.00000002	1.91816E-06
305.02	8.95476E-08	0.000002	0.00000002	1.91045E-06
315.02	9.27559E-08	0.000002	0.00000002	1.90724E-06
325.02	1.02037E-07	0.000002	0.00000002	1.89796E-06
335.02	1.07011E-07	0.000002	0.00000002	1.89299E-06
345.01	1.14559E-07	0.000002	0.00000002	1.88544E-06
355.01	1.23442E-07	0.000002	0.00000002	1.87656E-06
365.02	1.32252E-07	0.000002	0.00000002	1.86775E-06
375.02	1.41846E-07	0.000002	0.00000002	1.85815E-06
385.02	1.47202E-07	0.000002	0.00000002	1.8528E-06
395.02	1.59861E-07	0.000002	0.00000002	1.84014E-06
405.01	1.67035E-07	0.000002	0.00000002	1.83296E-06
415.02	1.72957E-07	0.000002	0.00000002	1.82704E-06
425.02	1.83337E-07	0.000002	0.00000002	1.81666E-06
435.02	1.93086E-07	0.000002	0.00000002	1.80691E-06
445.02	2.05571E-07	0.000002	0.00000002	1.79443E-06
455.02	2.14014E-07	0.000002	0.00000002	1.78599E-06
465.02	2.25295E-07	0.000002	0.00000002	1.77471E-06
475.01	2.35139E-07	0.000002	0.00000002	1.76486E-06
485.01	2.4363E-07	0.000002	0.00000002	1.75637E-06
495.02	2.58355E-07	0.000002	0.00000002	1.74164E-06
505.01	2.67803E-07	0.000002	0.00000002	1.7322E-06
515.02	2.79956E-07	0.000002	0.00000002	1.72004E-06
525.01	2.9217E-07	0.000002	0.00000002	1.70783E-06
535.02	3.05806E-07	0.000002	0.00000002	1.69419E-06
545.01	3.08549E-07	0.000002	0.00000002	1.69145E-06
555.02	3.19904E-07	0.000002	0.00000002	1.6801E-06
565.01	3.36808E-07	0.000002	0.00000002	1.66319E-06
575.02	3.46601E-07	0.000002	0.00000002	1.6534E-06
585.01	3.64194E-07	0.000002	0.00000002	1.63581E-06
595.02	3.7212E-07	0.000002	0.00000002	1.62788E-06
605.02	3.91847E-07	0.000002	0.00000002	1.60815E-06
615.03	3.98591E-07	0.000002	0.00000002	1.60141E-06
625.02	4.16866E-07	0.000002	0.00000002	1.58313E-06
635.01	4.31675E-07	0.000002	0.00000002	1.56832E-06
645.01	4.43981E-07	0.000002	0.00000002	1.55602E-06
655.02	4.5119E-07	0.000002	0.00000002	1.54881E-06
665.02	4.62801E-07	0.000002	0.00000002	1.5372E-06
675.01	4.82171E-07	0.000002	0.00000002	1.51783E-06
685.02	4.95209E-07	0.000002	0.00000002	1.50479E-06
695.01	5.04057E-07	0.000002	0.00000002	1.49594E-06
705.02	5.29424E-07	0.000002	0.00000002	1.47058E-06
715.01	5.41455E-07	0.000002	0.00000002	1.45855E-06
725.02	5.51463E-07	0.000002	0.00000002	1.44854E-06
735.02	5.66776E-07	0.000002	0.00000002	1.43322E-06
745.01	5.75954E-07	0.000002	0.00000002	1.42405E-06
755.02	6.04856E-07	0.000002	0.00000002	1.39514E-06
765.02	6.153E-07	0.000002	0.00000002	1.3847E-06
775.02	6.26579E-07	0.000002	0.00000002	1.37342E-06
785.01	6.41532E-07	0.000002	0.00000002	1.35847E-06
795.02	6.60138E-07	0.000002	0.00000002	1.33986E-06
805.02	6.71405E-07	0.000002	0.00000002	1.3286E-06
815.01	6.87134E-07	0.000002	0.00000002	1.31287E-06
825.02	7.01965E-07	0.000002	0.00000002	1.29803E-06
835.01	7.16468E-07	0.000002	0.00000002	1.28353E-06
845.02	7.37269E-07	0.000002	0.00000002	1.26273E-06
855.01	7.50355E-07	0.000002	0.00000002	1.24965E-06
865.01	7.72664E-07	0.000002	0.00000002	1.22734E-06
875.01	7.89442E-07	0.000002	0.00000002	1.21056E-06
885.01	7.93146E-07	0.000002	0.00000002	1.20685E-06
895.01	8.27906E-07	0.000002	0.00000002	1.17209E-06
905.02	8.29414E-07	0.000002	0.00000002	1.17059E-06
915.02	8.48215E-07	0.000002	0.00000002	1.15178E-06
925.02	8.61714E-07	0.000002	0.00000002	1.13829E-06
935.02	8.7882E-07	0.000002	0.00000002	1.12118E-06
945.02	8.90045E-07	0.000002	0.00000002	1.10996E-06
955.02	9.24652E-07	0.000002	0.00000002	1.07535E-06
965	9.40232E-07	0.000002	0.00000002	1.05977E-06
975.02	9.4858E-07	0.000002	0.00000002	1.05142E-06
985.01	9.67947E-07	0.000002	0.00000002	1.03205E-06
995.02	9.79758E-07	0.000002	0.00000002	1.02024E-06
1005.01	9.9471E-07	0.000002	0.00000002	1.00529E-06
1015.01	1.00058E-06	0.000002	0.00000002	9.99423E-07
1025.02	1.03637E-06	0.000002	0.00000002	9.6363E-07
1035.01	1.04097E-06	0.000002	0.00000002	9.59031E-07
1045.02	1.05366E-06	0.000002	0.00000002	9.46338E-07
1055.01	1.07131E-06	0.000002	0.00000002	9.28689E-07
1065.02	1.08662E-06	0.000002	0.00000002	9.13382E-07
1075.02	1.11016E-06	0.000002	0.00000002	8.89844E-07
1085.02	1.11836E-06	0.000002	0.00000002	8.81635E-07
1095.01	1.14172E-06	0.000002	0.00000002	8.58278E-07
1105.01	1.15245E-06	0.000002	0.00000002	8.47546E-07
1115.03	1.16237E-06	0.000002	0.00000002	8.3763E-07
1125.01	1.17886E-06	0.000002	0.00000002	8.21138E-07
1135.02	1.20018E-06	0.000002	0.00000002	7.99818E-07
1145.01	1.21436E-06	0.000002	0.00000002	7.85637E-07
1155.02	1.22607E-06	0.000002	0.00000002	7.73928E-07
1165.02	1.2441E-06	0.000002	0.00000002	7.55904E-07
1175.01	1.25547E-06	0.000002	0.00000002	7.44528E-07
1185.01	1.26614E-06	0.000002	0.00000002	7.33856E-07
1195.02	1.28258E-06	0.000002	0.00000002	7.17422E-07
1205.02	1.30363E-06	0.000002	0.00000002	6.9637E-07
1215.02	1.31311E-06	0.000002	0.00000002	6.86894E-07
1225.02	1.32078E-06	0.000002	0.00000002	6.79218E-07
1235.02	1.34109E-06	0.000002	0.00000002	6.58907E-07
1245.01	1.3578E-06	0.000002	0.00000002	6.42195E-07
1255.02	1.37474E-06	0.000002	0.00000002	6.25256E-07
1265.02	1.38031E-06	0.000002	0.00000002	6.19687E-07
1275.01	1.39601E-06	0.000002	0.00000002	6.03987E-07
1285.02	1.41251E-06	0.000002	0.00000002	5.87493E-07
1295.01	1.41752E-06	0.000002	0.00000002	5.82484E-07
1305.02	1.43148E-06	0.000002	0.00000002	5.68518E-07
1315.01	1.45206E-06	0.000002	0.00000002	5.47944E-07
1325.02	1.4434E-06	0.000002	0.00000002	5.56604E-07
1335.01	1.46914E-06	0.000002	0.00000002	5.30858E-07
1345.01	1.47286E-06	0.000002	0.00000002	5.27136E-07
1355.02	1.47669E-06	0.000002	0.00000002	5.23314E-07
1365.02	1.49748E-06	0.000002	0.00000002	5.02517E-07
1375.01	1.50602E-06	0.000002	0.00000002	4.93977E-07
1385.01	1.53341E-06	0.000002	0.00000002	4.66593E-07
1395.02	1.52533E-06	0.000002	0.00000002	4.7467E-07
1405.01	1.54223E-06	0.000002	0.00000002	4.57767E-07
1415	1.55255E-06	0.000002	0.00000002	4.47452E-07
1425.02	1.55555E-06	0.000002	0.00000002	4.44454E-07
1435.01	1.57866E-06	0.000002	0.00000002	4.21336E-07
1445.01	1.57993E-06	0.000002	0.00000002	4.20068E-07
1455.01	1.59083E-06	0.000002	0.00000002	4.09169E-07
1465.02	1.60029E-06	0.000002	0.00000002	3.99711E-07
1475.01	1.60082E-06	0.000002	0.00000002	3.99183E-07
1485.01	1.61256E-06	0.000002	0.00000002	3.87443E-07
1495.01	1.63286E-06	0.000002	0.00000002	3.6714E-07
1505.01	1.62267E-06	0.000002	0.00000002	3.77328E-07
1515.01	1.6531E-06	0.000002	0.00000002	3.46897E-07
1525.02	1.6424E-06	0.000002	0.00000002	3.57596E-07
1535.02	1.66151E-06	0.000002	0.00000002	3.3849E-07
1545.02	1.67164E-06	0.000002	0.00000002	3.28357E-07
1555.02	1.68449E-06	0.000002	0.00000002	3.15509E-07
1565.01	1.68319E-06	0.000002	0.00000002	3.1681E-07
1575	1.68853E-06	0.000002	0.00000002	3.11471E-07
1585.02	1.70626E-06	0.000002	0.00000002	2.93744E-07
1595.02	1.71334E-06	0.000002	0.00000002	2.86657E-07
1605.02	1.70784E-06	0.000002	0.00000002	2.92162E-07
1615.02	1.71177E-06	0.000002	0.00000002	2.88226E-07
1625.02	1.72797E-06	0.000002	0.00000002	2.72035E-07
1635.01	1.72548E-06	0.000002	0.00000002	2.74519E-07
1645.02	1.73023E-06	0.000002	0.00000002	2.69774E-07
1655.01	1.74357E-06	0.000002	0.00000002	2.5643E-07
1665.01	1.74455E-06	0.000002	0.00000002	2.55453E-07
1675.02	1.73855E-06	0.000002	0.00000002	2.61454E-07
1685.02	1.75698E-06	0.000002	0.00000002	2.43018E-07
1695.01	1.76579E-06	0.000002	0.00000002	2.34211E-07
1705.01	1.7661E-06	0.000002	0.00000002	2.33904E-07
1715.01	1.77302E-06	0.000002	0.00000002	2.26979E-07
1725.01	1.77772E-06	0.000002	0.00000002	2.22277E-07
1735.02	1.77831E-06	0.000002	0.00000002	2.2169E-07
1745.01	1.78183E-06	0.000002	0.00000002	2.18172E-07
1755.01	1.79172E-06	0.000002	0.00000002	2.08275E-07
1765.02	1.79208E-06	0.000002	0.00000002	2.07924E-07
1775.02	1.80619E-06	0.000002	0.00000002	1.93805E-07
1785.01	1.79777E-06	0.000002	0.00000002	2.02235E-07
1795.01	1.80537E-06	0.000002	0.00000002	1.94635E-07
1805.02	1.81383E-06	0.000002	0.00000002	1.86165E-07
1815.01	1.81971E-06	0.000002	0.00000002	1.8029E-07
1825.01	1.81804E-06	0.000002	0.00000002	1.81958E-07
1835.01	1.82592E-06	0.000002	0.00000002	1.74078E-07
1845.02	1.82575E-06	0.000002	0.00000002	1.7425E-07
1855.01	1.82219E-06	0.000002	0.00000002	1.77808E-07
1865.02	1.83374E-06	0.000002	0.00000002	1.66255E-07
1875.02	1.83435E-06	0.000002	0.00000002	1.65655E-07
1885.02	1.83267E-06	0.000002	0.00000002	1.67331E-07
1895.02	1.83734E-06	0.000002	0.00000002	1.62663E-07
1905.01	1.84966E-06	0.000002	0.00000002	1.50339E-07
1915.02	1.8407E-06	0.000002	0.00000002	1.59303E-07
1925	1.84134E-06	0.000002	0.00000002	1.58658E-07
1935.02	1.84628E-06	0.000002	0.00000002	1.53717E-07
1945.01	1.86305E-06	0.000002	0.00000002	1.36954E-07
1955.01	1.86248E-06	0.000002	0.00000002	1.37522E-07
1965.01	1.85929E-06	0.000002	0.00000002	1.40708E-07
1975.01	1.85748E-06	0.000002	0.00000002	1.42522E-07
1985.01	1.86513E-06	0.000002	0.00000002	1.34874E-07
1995.02	1.86458E-06	0.000002	0.00000002	1.35423E-07
2005.01	1.86125E-06	0.000002	0.00000002	1.38754E-07
2015.01	1.86484E-06	0.000002	0.00000002	1.35161E-07
2025.01	1.87742E-06	0.000002	0.00000002	1.22581E-07
2035.02	1.86655E-06	0.000002	0.00000002	1.33455E-07
2045.02	1.87664E-06	0.000002	0.00000002	1.2336E-07
2055.01	1.87386E-06	0.000002	0.00000002	1.26138E-07
2065.01	1.87689E-06	0.000002	0.00000002	1.23114E-07
2075.01	1.87741E-06	0.000002	0.00000002	1.22587E-07
2085.02	1.86879E-06	0.000002	0.00000002	1.3121E-07
2095.02	1.87339E-06	0.000002	0.00000002	1.26607E-07
2105.01	1.87421E-06	0.000002	0.00000002	1.25786E-07
2115.02	1.87595E-06	0.000002	0.00000002	1.24051E-07
2125.01	1.88426E-06	0.000002	0.00000002	1.15738E-07
2135.01	1.88583E-06	0.000002	0.00000002	1.14166E-07
2145.02	1.88621E-06	0.000002	0.00000002	1.13787E-07
2155.01	1.88277E-06	0.000002	0.00000002	1.17231E-07
2165.02	1.89376E-06	0.000002	0.00000002	1.06238E-07
2175.02	1.88864E-06	0.000002	0.00000002	1.11359E-07
2185.01	1.87432E-06	0.000002	0.00000002	1.25679E-07
2195.02	1.87101E-06	0.000002	0.00000002	1.28987E-07
2205.01	1.88512E-06	0.000002	0.00000002	1.1488E-07
2215.02	1.87758E-06	0.000002	0.00000002	1.22425E-07
2225.02	1.88067E-06	0.000002	0.00000002	1.19328E-07
2235.01	1.89456E-06	0.000002	0.00000002	1.05444E-07
2245.01	1.88464E-06	0.000002	0.00000002	1.1536E-07
2255.02	1.89255E-06	0.000002	0.00000002	1.07447E-07
2265.02	1.8842E-06	0.000002	0.00000002	1.15804E-07
2275.01	1.88581E-06	0.000002	0.00000002	1.1419E-07
2285.02	1.88607E-06	0.000002	0.00000002	1.13933E-07
2295.01	1.8841E-06	0.000002	0.00000002	1.15902E-07
2305	1.88655E-06	0.000002	0.00000002	1.13447E-07
2315.01	1.89411E-06	0.000002	0.00000002	1.05885E-07
2325.02	1.88556E-06	0.000002	0.00000002	1.14436E-07
2335.01	1.88674E-06	0.000002	0.00000002	1.13255E-07
2345.01	1.89475E-06	0.000002	0.00000002	1.05246E-07
2355.01	1.88993E-06	0.000002	0.00000002	1.10069E-07
2365.02	1.88651E-06	0.000002	0.00000002	1.13492E-07
2375	1.88987E-06	0.000002	0.00000002	1.10125E-07
2385.02	1.87442E-06	0.000002	0.00000002	1.25581E-07
2395.02	1.88433E-06	0.000002	0.00000002	1.15668E-07
2405.02	1.87949E-06	0.000002	0.00000002	1.20509E-07
2415.01	1.8698E-06	0.000002	0.00000002	1.30199E-07
2425.01	1.87914E-06	0.000002	0.00000002	1.20863E-07
2435.02	1.88597E-06	0.000002	0.00000002	1.14033E-07
2445.01	1.89168E-06	0.000002	0.00000002	1.08323E-07
2455.01	1.88995E-06	0.000002	0.00000002	1.10053E-07
2465.02	1.88469E-06	0.000002	0.00000002	1.15308E-07
2475.01	0.0000019	0.000002	0.00000002	1E-07
2485.02	1.87783E-06	0.000002	0.00000002	1.22166E-07
2495.02	1.8776E-06	0.000002	0.00000002	1.22395E-07
2505.01	1.88071E-06	0.000002	0.00000002	1.19293E-07
2515.01	1.88879E-06	0.000002	0.00000002	1.11213E-07
2525.02	1.87751E-06	0.000002	0.00000002	1.22494E-07
2535.02	1.87812E-06	0.000002	0.00000002	1.2188E-07
