Time (s)	Actin	[G-act]	[A208W]	[G-act] (t)
15.04	1.78617E-10	0.000002	0	1.99982E-06
25.01	0.00E+00	0.000002	0	0.000002
35.02	4.86E-09	0.000002	0	1.99514E-06
45.01	4.34E-09	0.000002	0	1.99566E-06
55.02	4.12E-09	0.000002	0	1.99588E-06
65.02	6.30E-09	0.000002	0	1.9937E-06
75.02	4.47E-09	0.000002	0	1.99553E-06
85.02	6.64E-09	0.000002	0	1.99336E-06
95.01	9.30E-09	0.000002	0	1.9907E-06
105.01	9.84E-09	0.000002	0	1.99016E-06
115.01	1.31E-08	0.000002	0	1.98686E-06
125.02	1.33E-08	0.000002	0	1.98672E-06
135.03	1.42E-08	0.000002	0	1.98575E-06
145.02	1.35E-08	0.000002	0	1.98649E-06
155.01	1.95E-08	0.000002	0	1.9805E-06
165.02	1.89E-08	0.000002	0	1.98111E-06
175.01	2.38E-08	0.000002	0	1.97619E-06
185.01	2.49E-08	0.000002	0	1.97506E-06
195.02	2.55E-08	0.000002	0	1.97453E-06
205	2.78E-08	0.000002	0	1.97221E-06
215.02	3.01E-08	0.000002	0	1.96985E-06
225.01	3.39E-08	0.000002	0	1.96608E-06
235.01	3.58E-08	0.000002	0	1.96416E-06
245.01	3.69E-08	0.000002	0	1.96311E-06
255.01	4.28E-08	0.000002	0	1.95715E-06
265.01	4.22E-08	0.000002	0	1.95778E-06
275.01	4.53E-08	0.000002	0	1.95466E-06
285.02	5.08E-08	0.000002	0	1.94917E-06
295.01	4.83E-08	0.000002	0	1.95175E-06
305.02	5.71E-08	0.000002	0	1.94294E-06
315.02	6.08E-08	0.000002	0	1.93922E-06
325.02	6.46E-08	0.000002	0	1.93542E-06
335.02	6.89E-08	0.000002	0	1.93115E-06
345.01	7.19E-08	0.000002	0	1.9281E-06
355.01	7.27E-08	0.000002	0	1.92732E-06
365.02	7.48E-08	0.000002	0	1.92522E-06
375.02	8.55E-08	0.000002	0	1.91446E-06
385.02	8.55E-08	0.000002	0	1.91452E-06
395.02	9.37E-08	0.000002	0	1.90633E-06
405.01	9.89E-08	0.000002	0	1.90106E-06
415.02	1.01E-07	0.000002	0	1.899E-06
425.02	1.03E-07	0.000002	0	1.8974E-06
435.02	1.04E-07	0.000002	0	1.89579E-06
445.02	1.13E-07	0.000002	0	1.88721E-06
455.02	1.17E-07	0.000002	0	1.88275E-06
465.02	1.19E-07	0.000002	0	1.88056E-06
475.01	1.22E-07	0.000002	0	1.87773E-06
485.01	1.30E-07	0.000002	0	1.8696E-06
495.02	1.35E-07	0.000002	0	1.86507E-06
505.01	1.38E-07	0.000002	0	1.86173E-06
515.02	1.43E-07	0.000002	0	1.85728E-06
525.01	1.46E-07	0.000002	0	1.85394E-06
535.02	1.53E-07	0.000002	0	1.84696E-06
545.01	1.58E-07	0.000002	0	1.84177E-06
555.02	1.61E-07	0.000002	0	1.83894E-06
565.01	1.66E-07	0.000002	0	1.83432E-06
575.02	1.74E-07	0.000002	0	1.82627E-06
585.01	1.80E-07	0.000002	0	1.82049E-06
595.02	1.82E-07	0.000002	0	1.81757E-06
605.02	1.91E-07	0.000002	0	1.80944E-06
615.03	1.93E-07	0.000002	0	1.80734E-06
625.02	1.99E-07	0.000002	0	1.8006E-06
635.01	2.03E-07	0.000002	0	1.79683E-06
645.01	2.10E-07	0.000002	0	1.78957E-06
655.02	2.10E-07	0.000002	0	1.79005E-06
665.02	2.21E-07	0.000002	0	1.77862E-06
675.01	2.28E-07	0.000002	0	1.77233E-06
685.02	2.32E-07	0.000002	0	1.76798E-06
695.01	2.43E-07	0.000002	0	1.75682E-06
705.02	2.40E-07	0.000002	0	1.75994E-06
715.01	2.47E-07	0.000002	0	1.75308E-06
725.02	2.52E-07	0.000002	0	1.74756E-06
735.02	2.64E-07	0.000002	0	1.73577E-06
745.01	2.67E-07	0.000002	0	1.73256E-06
755.02	2.74E-07	0.000002	0	1.72574E-06
765.02	2.80E-07	0.000002	0	1.72041E-06
775.02	2.87E-07	0.000002	0	1.71327E-06
785.01	2.89E-07	0.000002	0	1.71131E-06
795.02	3.01E-07	0.000002	0	1.69854E-06
805.02	2.97E-07	0.000002	0	1.70285E-06
815.01	3.06E-07	0.000002	0	1.69364E-06
825.02	3.04E-07	0.000002	0	1.69624E-06
835.01	3.18E-07	0.000002	0	1.68175E-06
845.02	3.24E-07	0.000002	0	1.67596E-06
855.01	3.31E-07	0.000002	0	1.66903E-06
865.01	3.34E-07	0.000002	0	1.66575E-06
875.01	3.43E-07	0.000002	0	1.65699E-06
885.01	3.52E-07	0.000002	0	1.6484E-06
895.01	3.57E-07	0.000002	0	1.64285E-06
905.02	3.59E-07	0.000002	0	1.64146E-06
915.02	3.66E-07	0.000002	0	1.63368E-06
925.02	3.74E-07	0.000002	0	1.62629E-06
935.02	3.76E-07	0.000002	0	1.62371E-06
945.02	3.92E-07	0.000002	0	1.6079E-06
955.02	3.91E-07	0.000002	0	1.60932E-06
965	3.99E-07	0.000002	0	1.60128E-06
975.02	4.02E-07	0.000002	0	1.59791E-06
985.01	4.12E-07	0.000002	0	1.588E-06
995.02	4.11E-07	0.000002	0	1.5885E-06
1005.01	4.18E-07	0.000002	0	1.58238E-06
1015.01	4.27E-07	0.000002	0	1.57306E-06
1025.02	4.35E-07	0.000002	0	1.56488E-06
1035.01	4.45E-07	0.000002	0	1.55466E-06
1045.02	4.49E-07	0.000002	0	1.55096E-06
1055.01	4.53E-07	0.000002	0	1.54661E-06
1065.02	4.67E-07	0.000002	0	1.5333E-06
1075.02	4.67E-07	0.000002	0	1.53334E-06
1085.02	4.73E-07	0.000002	0	1.52652E-06
1095.01	4.77E-07	0.000002	0	1.5228E-06
1105.01	4.90E-07	0.000002	0	1.51009E-06
1115.03	4.93E-07	0.000002	0	1.50742E-06
1125.01	5.03E-07	0.000002	0	1.4974E-06
1135.02	4.98E-07	0.000002	0	1.50215E-06
1145.01	5.11E-07	0.000002	0	1.48933E-06
1155.02	5.19E-07	0.000002	0	1.48099E-06
1165.02	5.22E-07	0.000002	0	1.47774E-06
1175.01	5.23E-07	0.000002	0	1.47677E-06
1185.01	5.36E-07	0.000002	0	1.46424E-06
1195.02	5.42E-07	0.000002	0	1.45799E-06
1205.02	5.50E-07	0.000002	0	1.44956E-06
1215.02	5.63E-07	0.000002	0	1.43747E-06
1225.02	5.55E-07	0.000002	0	1.44517E-06
1235.02	5.73E-07	0.000002	0	1.42735E-06
1245.01	5.65E-07	0.000002	0	1.4351E-06
1255.02	5.78E-07	0.000002	0	1.42151E-06
1265.02	5.84E-07	0.000002	0	1.41584E-06
1275.01	5.87E-07	0.000002	0	1.41258E-06
1285.02	5.91E-07	0.000002	0	1.40873E-06
1295.01	6.06E-07	0.000002	0	1.39445E-06
1305.02	6.06E-07	0.000002	0	1.39358E-06
1315.01	6.16E-07	0.000002	0	1.38389E-06
1325.02	6.17E-07	0.000002	0	1.3829E-06
1335.01	6.24E-07	0.000002	0	1.37582E-06
1345.01	6.32E-07	0.000002	0	1.36793E-06
1355.02	6.45E-07	0.000002	0	1.35454E-06
1365.02	6.45E-07	0.000002	0	1.35512E-06
1375.01	6.45E-07	0.000002	0	1.35461E-06
1385.01	6.54E-07	0.000002	0	1.34589E-06
1395.02	6.60E-07	0.000002	0	1.3403E-06
1405.01	6.65E-07	0.000002	0	1.33506E-06
1415	6.81E-07	0.000002	0	1.31947E-06
1425.02	6.78E-07	0.000002	0	1.32225E-06
1435.01	6.85E-07	0.000002	0	1.31476E-06
1445.01	6.94E-07	0.000002	0	1.30606E-06
1455.01	7.01E-07	0.000002	0	1.29928E-06
1465.02	7.08E-07	0.000002	0	1.2925E-06
1475.01	7.07E-07	0.000002	0	1.29298E-06
1485.01	7.19E-07	0.000002	0	1.28087E-06
1495.01	7.24E-07	0.000002	0	1.27588E-06
1505.01	7.26E-07	0.000002	0	1.27398E-06
1515.01	7.37E-07	0.000002	0	1.26283E-06
1525.02	7.39E-07	0.000002	0	1.26141E-06
1535.02	7.46E-07	0.000002	0	1.25355E-06
1545.02	7.51E-07	0.000002	0	1.24899E-06
1555.02	7.61E-07	0.000002	0	1.23935E-06
1565.01	7.58E-07	0.000002	0	1.24195E-06
1575	7.73E-07	0.000002	0	1.22673E-06
1585.02	7.70E-07	0.000002	0	1.23027E-06
1595.02	7.83E-07	0.000002	0	1.21693E-06
1605.02	7.87E-07	0.000002	0	1.21327E-06
1615.02	7.91E-07	0.000002	0	1.20868E-06
1625.02	7.92E-07	0.000002	0	1.20806E-06
1635.01	7.99E-07	0.000002	0	1.20131E-06
1645.02	8.09E-07	0.000002	0	1.19063E-06
1655.01	8.19E-07	0.000002	0	1.18094E-06
1665.01	8.16E-07	0.000002	0	1.18419E-06
1675.02	8.23E-07	0.000002	0	1.17728E-06
1685.02	8.28E-07	0.000002	0	1.17172E-06
1695.01	8.36E-07	0.000002	0	1.16431E-06
1705.01	8.46E-07	0.000002	0	1.1543E-06
1715.01	8.42E-07	0.000002	0	1.15758E-06
1725.01	8.44E-07	0.000002	0	1.15562E-06
1735.02	8.54E-07	0.000002	0	1.14616E-06
1745.01	8.63E-07	0.000002	0	1.1366E-06
1755.01	8.75E-07	0.000002	0	1.12481E-06
1765.02	8.65E-07	0.000002	0	1.13529E-06
1775.02	8.76E-07	0.000002	0	1.12388E-06
1785.01	8.79E-07	0.000002	0	1.12081E-06
1795.01	8.93E-07	0.000002	0	1.10688E-06
1805.02	8.92E-07	0.000002	0	1.10842E-06
1815.01	8.96E-07	0.000002	0	1.10444E-06
1825.01	9.08E-07	0.000002	0	1.0922E-06
1835.01	9.12E-07	0.000002	0	1.08753E-06
1845.02	9.23E-07	0.000002	0	1.07739E-06
1855.01	9.18E-07	0.000002	0	1.0824E-06
1865.02	9.26E-07	0.000002	0	1.07385E-06
1875.02	9.34E-07	0.000002	0	1.06553E-06
1885.02	9.35E-07	0.000002	0	1.06504E-06
1895.02	9.39E-07	0.000002	0	1.06119E-06
1905.01	9.37E-07	0.000002	0	1.06326E-06
1915.02	9.53E-07	0.000002	0	1.04696E-06
1925	9.61E-07	0.000002	0	1.03865E-06
1935.02	9.63E-07	0.000002	0	1.03713E-06
1945.01	9.68E-07	0.000002	0	1.03236E-06
1955.01	9.74E-07	0.000002	0	1.02631E-06
1965.01	9.74E-07	0.000002	0	1.02593E-06
1975.01	9.80E-07	0.000002	0	1.01956E-06
1985.01	9.88E-07	0.000002	0	1.01206E-06
1995.02	9.85E-07	0.000002	0	1.01469E-06
2005.01	9.96E-07	0.000002	0	1.00445E-06
2015.01	1.01E-06	0.000002	0	9.92907E-07
2025.01	1.01E-06	0.000002	0	9.9129E-07
2035.02	1.02E-06	0.000002	0	9.83691E-07
2045.02	1.01E-06	0.000002	0	9.85218E-07
2055.01	1.03E-06	0.000002	0	9.74298E-07
2065.01	1.03E-06	0.000002	0	9.68156E-07
2075.01	1.03E-06	0.000002	0	9.71609E-07
2085.02	1.03E-06	0.000002	0	9.6563E-07
2095.02	1.04E-06	0.000002	0	9.60839E-07
2105.01	1.04E-06	0.000002	0	9.62678E-07
2115.02	1.04E-06	0.000002	0	9.60323E-07
2125.01	1.06E-06	0.000002	0	9.41781E-07
2135.01	1.06E-06	0.000002	0	9.39889E-07
2145.02	1.07E-06	0.000002	0	9.32304E-07
2155.01	1.07E-06	0.000002	0	9.325E-07
2165.02	1.07E-06	0.000002	0	9.25463E-07
2175.02	1.08E-06	0.000002	0	9.19536E-07
2185.01	1.08E-06	0.000002	0	9.22746E-07
2195.02	1.08E-06	0.000002	0	9.1539E-07
2205.01	1.09E-06	0.000002	0	9.11073E-07
2215.02	1.09E-06	0.000002	0	9.06714E-07
2225.02	1.11E-06	0.000002	0	8.94578E-07
2235.01	1.11E-06	0.000002	0	8.90813E-07
2245.01	1.09E-06	0.000002	0	9.05401E-07
2255.02	1.12E-06	0.000002	0	8.84353E-07
2265.02	1.12E-06	0.000002	0	8.76517E-07
2275.01	1.13E-06	0.000002	0	8.73006E-07
2285.02	1.13E-06	0.000002	0	8.73539E-07
2295.01	1.13E-06	0.000002	0	8.70548E-07
2305	1.14E-06	0.000002	0	8.61397E-07
2315.01	1.14E-06	0.000002	0	8.61938E-07
2325.02	1.14E-06	0.000002	0	8.63234E-07
2335.01	1.15E-06	0.000002	0	8.47998E-07
2345.01	1.15E-06	0.000002	0	8.54962E-07
2355.01	1.16E-06	0.000002	0	8.41453E-07
2365.02	1.16E-06	0.000002	0	8.41903E-07
2375	1.16E-06	0.000002	0	8.38072E-07
2385.02	1.17E-06	0.000002	0	8.30522E-07
2395.02	1.18E-06	0.000002	0	8.24184E-07
2405.02	1.18E-06	0.000002	0	8.23364E-07
2415.01	1.17E-06	0.000002	0	8.25E-07
2425.01	1.18E-06	0.000002	0	8.18452E-07
2435.02	1.19E-06	0.000002	0	8.09528E-07
2445.01	1.19E-06	0.000002	0	8.07004E-07
2455.01	1.20E-06	0.000002	0	8.04497E-07
2465.02	1.20E-06	0.000002	0	7.95677E-07
2475.01	1.19E-06	0.000002	0	8.05724E-07
2485.02	1.20E-06	0.000002	0	8.00258E-07
2495.02	1.21E-06	0.000002	0	7.90478E-07
2505.01	1.21E-06	0.000002	0	7.87233E-07
2515.01	1.23E-06	0.000002	0	7.74856E-07
2525.02	1.22E-06	0.000002	0	7.83566E-07
2535.02	1.23E-06	0.000002	0	7.74426E-07
2545.02	1.23E-06	0.000002	0	7.72222E-07
2555.02	1.24E-06	0.000002	0	7.59567E-07
2565.02	1.24E-06	0.000002	0	7.57495E-07
2575.02	1.25E-06	0.000002	0	7.51507E-07
2585.02	1.25E-06	0.000002	0	7.48696E-07
2595.01	1.25E-06	0.000002	0	7.47888E-07
2605.01	1.26E-06	0.000002	0	7.39853E-07
2615.02	1.26E-06	0.000002	0	7.37957E-07
2625.01	1.25E-06	0.000002	0	7.48074E-07
2635.01	1.26E-06	0.000002	0	7.36439E-07
2645.02	1.27E-06	0.000002	0	7.26648E-07
2655.01	1.27E-06	0.000002	0	7.31934E-07
2665.01	1.27E-06	0.000002	0	7.32227E-07
2675.01	1.27E-06	0.000002	0	7.26018E-07
2685.01	1.28E-06	0.000002	0	7.23848E-07
2695.01	1.28E-06	0.000002	0	7.17982E-07
2705.02	1.28E-06	0.000002	0	7.17526E-07
2715.02	1.29E-06	0.000002	0	7.11442E-07
2725.01	1.30E-06	0.000002	0	6.95973E-07
2735.01	1.31E-06	0.000002	0	6.94678E-07
2745.02	1.31E-06	0.000002	0	6.9259E-07
2755.01	1.30E-06	0.000002	0	7.01522E-07
2765.02	1.30E-06	0.000002	0	6.96535E-07
2775.01	1.31E-06	0.000002	0	6.85033E-07
2785.02	1.31E-06	0.000002	0	6.90785E-07
2795.01	1.32E-06	0.000002	0	6.76154E-07
2805.02	1.32E-06	0.000002	0	6.82441E-07
2815.01	1.33E-06	0.000002	0	6.71862E-07
2825.01	1.33E-06	0.000002	0	6.7324E-07
2835.01	1.33E-06	0.000002	0	6.65271E-07
2845.01	1.34E-06	0.000002	0	6.5786E-07
2855.02	1.34E-06	0.000002	0	6.60352E-07
2865.01	1.35E-06	0.000002	0	6.49126E-07
2875.03	1.35E-06	0.000002	0	6.51514E-07
2885.02	1.35E-06	0.000002	0	6.48249E-07
2895.01	1.36E-06	0.000002	0	6.36841E-07
2905.02	1.36E-06	0.000002	0	6.38887E-07
2915.01	1.35E-06	0.000002	0	6.46826E-07
2925.01	1.36E-06	0.000002	0	6.35937E-07
2935.02	1.36E-06	0.000002	0	6.38809E-07
2945.01	1.37E-06	0.000002	0	6.28239E-07
2955.01	1.38E-06	0.000002	0	6.23072E-07
2965.02	1.38E-06	0.000002	0	6.21188E-07
2975.02	1.38E-06	0.000002	0	6.22525E-07
2985.02	1.38E-06	0.000002	0	6.15606E-07
2995.01	1.38E-06	0.000002	0	6.15101E-07
3005.02	1.39E-06	0.000002	0	6.09154E-07
3015.02	1.39E-06	0.000002	0	6.06418E-07
3025.02	1.40E-06	0.000002	0	5.98383E-07
3035.03	1.40E-06	0.000002	0	5.97753E-07
3045.01	1.40E-06	0.000002	0	5.96188E-07
3055.02	1.41E-06	0.000002	0	5.90941E-07
3065.01	1.41E-06	0.000002	0	5.93727E-07
3075.02	1.41E-06	0.000002	0	5.94413E-07
3085.02	1.41E-06	0.000002	0	5.91239E-07
3095.02	1.42E-06	0.000002	0	5.84241E-07
3105.01	1.42E-06	0.000002	0	5.79027E-07
3115.02	1.41E-06	0.000002	0	5.8575E-07
3125.01	1.43E-06	0.000002	0	5.66856E-07
3135	1.42E-06	0.000002	0	5.77267E-07
3145.01	1.43E-06	0.000002	0	5.65146E-07
3155.01	1.43E-06	0.000002	0	5.71534E-07
3165.01	1.44E-06	0.000002	0	5.58682E-07
3175.01	1.43E-06	0.000002	0	5.71304E-07
3185.01	1.44E-06	0.000002	0	5.60714E-07
3195.02	1.45E-06	0.000002	0	5.5269E-07
3205.02	1.44E-06	0.000002	0	5.61903E-07
3215.02	1.44E-06	0.000002	0	5.60104E-07
3225.02	1.45E-06	0.000002	0	5.47319E-07
3235.02	1.45E-06	0.000002	0	5.49968E-07
3245.02	1.46E-06	0.000002	0	5.38054E-07
3255.01	1.45E-06	0.000002	0	5.45614E-07
3265.02	1.45E-06	0.000002	0	5.49113E-07
3275.01	1.47E-06	0.000002	0	5.32875E-07
3285.01	1.46E-06	0.000002	0	5.3516E-07
3295.01	1.47E-06	0.000002	0	5.3159E-07
3305.02	1.47E-06	0.000002	0	5.31446E-07
3315.01	1.47E-06	0.000002	0	5.25799E-07
3325.02	1.48E-06	0.000002	0	5.20034E-07
3335.02	1.47E-06	0.000002	0	5.28953E-07
3345.02	1.48E-06	0.000002	0	5.18331E-07
3355.02	1.48E-06	0.000002	0	5.20732E-07
3365.01	1.49E-06	0.000002	0	5.06428E-07
3375.02	1.48E-06	0.000002	0	5.16692E-07
3385.02	1.49E-06	0.000002	0	5.12418E-07
3395.01	1.50E-06	0.000002	0	5.01164E-07
3405.02	1.49E-06	0.000002	0	5.11498E-07
3415.02	1.51E-06	0.000002	0	4.87557E-07
3425.01	1.50E-06	0.000002	0	5.01405E-07
3435.02	1.49E-06	0.000002	0	5.06104E-07
3445.01	1.50E-06	0.000002	0	4.9704E-07
3455	1.51E-06	0.000002	0	4.92361E-07
3465.01	1.50E-06	0.000002	0	4.99995E-07
3475.01	1.52E-06	0.000002	0	4.83007E-07
3485.01	1.52E-06	0.000002	0	4.79867E-07
3495.01	1.52E-06	0.000002	0	4.82699E-07
3505.02	1.52E-06	0.000002	0	4.84732E-07
3515	1.53E-06	0.000002	0	4.71151E-07
3525.02	1.52E-06	0.000002	0	4.75339E-07
3535.02	1.54E-06	0.000002	0	4.61067E-07
3545.02	1.54E-06	0.000002	0	4.58693E-07
3555.01	1.53E-06	0.000002	0	4.72268E-07
3565.02	1.53E-06	0.000002	0	4.65645E-07
3575.01	1.54E-06	0.000002	0	4.62759E-07
3585.02	1.54E-06	0.000002	0	4.60082E-07
3595.01	1.54E-06	0.000002	0	4.5624E-07
3605.01	1.54E-06	0.000002	0	4.60447E-07
3615.01	1.55E-06	0.000002	0	4.49318E-07
3625.01	1.55E-06	0.000002	0	4.51867E-07
3635.01	1.54E-06	0.000002	0	4.56785E-07
3645.02	1.55E-06	0.000002	0	4.46908E-07
3655.02	1.56E-06	0.000002	0	4.4256E-07
3665.01	1.56E-06	0.000002	0	4.3924E-07
3675	1.56E-06	0.000002	0	4.43028E-07
3685.01	1.56E-06	0.000002	0	4.43072E-07
3695.02	1.57E-06	0.000002	0	4.28181E-07
3705.02	1.56E-06	0.000002	0	4.3589E-07
3715.01	1.56E-06	0.000002	0	4.357E-07
3725.02	1.57E-06	0.000002	0	4.26531E-07
3735.02	1.58E-06	0.000002	0	4.23893E-07
3745.01	1.58E-06	0.000002	0	4.22823E-07
3755.01	1.58E-06	0.000002	0	4.21232E-07
3765.01	1.59E-06	0.000002	0	4.11819E-07
3775.02	1.59E-06	0.000002	0	4.14638E-07
3785.01	1.59E-06	0.000002	0	4.10879E-07
3795.01	1.59E-06	0.000002	0	4.14451E-07
3805.01	1.59E-06	0.000002	0	4.14446E-07
3815.02	1.59E-06	0.000002	0	4.13162E-07
3825.01	1.59E-06	0.000002	0	4.11549E-07
3835	1.59E-06	0.000002	0	4.10323E-07
3845.02	1.60E-06	0.000002	0	4.04209E-07
3855.02	1.59E-06	0.000002	0	4.05622E-07
3865.02	1.60E-06	0.000002	0	4.01069E-07
3875.01	1.60E-06	0.000002	0	4.03571E-07
3885.01	1.59E-06	0.000002	0	4.0587E-07
3895.01	1.61E-06	0.000002	0	3.90291E-07
3905.02	1.60E-06	0.000002	0	4.00237E-07
3915.02	1.61E-06	0.000002	0	3.86045E-07
3925.01	1.61E-06	0.000002	0	3.90512E-07
3935.01	1.60E-06	0.000002	0	3.97175E-07
3945.02	1.62E-06	0.000002	0	3.84517E-07
3955.02	1.61E-06	0.000002	0	3.8882E-07
3965.01	1.61E-06	0.000002	0	3.89863E-07
3975.01	1.61E-06	0.000002	0	3.8984E-07
3985.02	1.61E-06	0.000002	0	3.91095E-07
3995.01	1.62E-06	0.000002	0	3.79597E-07
4005.02	1.62E-06	0.000002	0	3.79458E-07
4015.01	1.63E-06	0.000002	0	3.71683E-07
4025.01	1.63E-06	0.000002	0	3.67617E-07
4035.01	1.62E-06	0.000002	0	3.76783E-07
4045.01	1.63E-06	0.000002	0	3.69999E-07
4055.01	1.63E-06	0.000002	0	3.67121E-07
4065.02	1.63E-06	0.000002	0	3.65662E-07
4075.01	1.63E-06	0.000002	0	3.68202E-07
4085.02	1.64E-06	0.000002	0	3.60847E-07
4095.01	1.64E-06	0.000002	0	3.56191E-07
4105.02	1.63E-06	0.000002	0	3.71951E-07
4115.01	1.64E-06	0.000002	0	3.56924E-07
4125.01	1.65E-06	0.000002	0	3.51952E-07
4135.01	1.65E-06	0.000002	0	3.54741E-07
4145.02	1.65E-06	0.000002	0	3.50052E-07
4155.02	1.65E-06	0.000002	0	3.51474E-07
4165.02	1.65E-06	0.000002	0	3.50061E-07
4175.01	1.65E-06	0.000002	0	3.51254E-07
4185.02	1.66E-06	0.000002	0	3.38603E-07
4195.01	1.67E-06	0.000002	0	3.33899E-07
4205.01	1.65E-06	0.000002	0	3.4922E-07
4215.02	1.65E-06	0.000002	0	3.49897E-07
4225.01	1.67E-06	0.000002	0	3.33262E-07
4235.02	1.66E-06	0.000002	0	3.40175E-07
4245.02	1.66E-06	0.000002	0	3.37556E-07
4255.01	1.66E-06	0.000002	0	3.38622E-07
4265.01	1.66E-06	0.000002	0	3.39595E-07
4275.02	1.67E-06	0.000002	0	3.34489E-07
4285.02	1.67E-06	0.000002	0	3.27319E-07
4295.01	1.68E-06	0.000002	0	3.23345E-07
4305.02	1.67E-06	0.000002	0	3.26119E-07
4315.01	1.66E-06	0.000002	0	3.41892E-07
4325.02	1.68E-06	0.000002	0	3.22429E-07
4335.02	1.68E-06	0.000002	0	3.23372E-07
4345.02	1.68E-06	0.000002	0	3.19488E-07
4355.01	1.68E-06	0.000002	0	3.22125E-07
4365.02	1.69E-06	0.000002	0	3.12429E-07
4375.01	1.68E-06	0.000002	0	3.15151E-07
4385.01	1.69E-06	0.000002	0	3.14859E-07
4395.02	1.69E-06	0.000002	0	3.13833E-07
4405	1.69E-06	0.000002	0	3.13744E-07
4415.02	1.69E-06	0.000002	0	3.10372E-07
4425.02	1.68E-06	0.000002	0	3.20005E-07
4435.02	1.68E-06	0.000002	0	3.16187E-07
4445.02	1.69E-06	0.000002	0	3.09211E-07
4455.02	1.70E-06	0.000002	0	2.95216E-07
4465.01	1.70E-06	0.000002	0	3.02482E-07
4475.02	1.70E-06	0.000002	0	3.04741E-07
4485.02	1.71E-06	0.000002	0	2.89836E-07
4495.02	1.70E-06	0.000002	0	3.00946E-07
4505.02	1.69E-06	0.000002	0	3.06458E-07
4515.01	1.71E-06	0.000002	0	2.89955E-07
4525.01	1.71E-06	0.000002	0	2.9256E-07
4535.02	1.71E-06	0.000002	0	2.93609E-07
4545.02	1.72E-06	0.000002	0	2.843E-07
4555.01	1.71E-06	0.000002	0	2.92351E-07
4565.02	1.71E-06	0.000002	0	2.88985E-07
4575.02	1.70E-06	0.000002	0	2.96913E-07
4585.03	1.70E-06	0.000002	0	2.95448E-07
4595.01	1.72E-06	0.000002	0	2.83313E-07
4605.02	1.71E-06	0.000002	0	2.944E-07
4615.01	1.71E-06	0.000002	0	2.88263E-07
4625.02	1.71E-06	0.000002	0	2.8985E-07
4635.01	1.72E-06	0.000002	0	2.83094E-07
4645.01	1.71E-06	0.000002	0	2.88432E-07
4655	1.72E-06	0.000002	0	2.82697E-07
4665.01	1.73E-06	0.000002	0	2.71896E-07
4675.02	1.71E-06	0.000002	0	2.86293E-07
4685.02	1.72E-06	0.000002	0	2.75029E-07
4695.01	1.74E-06	0.000002	0	2.63284E-07
4705	1.72E-06	0.000002	0	2.78528E-07
4715.01	1.74E-06	0.000002	0	2.59703E-07
4725	1.73E-06	0.000002	0	2.67783E-07
4735.02	1.73E-06	0.000002	0	2.70901E-07
4745.01	1.73E-06	0.000002	0	2.70041E-07
4755.01	1.73E-06	0.000002	0	2.73724E-07
4765.02	1.73E-06	0.000002	0	2.66747E-07
4775.02	1.73E-06	0.000002	0	2.67222E-07
4785.01	1.74E-06	0.000002	0	2.60499E-07
4795.02	1.74E-06	0.000002	0	2.564E-07
4805.01	1.73E-06	0.000002	0	2.67929E-07
4815.02	1.74E-06	0.000002	0	2.56441E-07
4825.01	1.73E-06	0.000002	0	2.65776E-07
4835.02	1.74E-06	0.000002	0	2.56264E-07
4845.02	1.74E-06	0.000002	0	2.55485E-07
4855.02	1.74E-06	0.000002	0	2.63789E-07
4865.01	1.75E-06	0.000002	0	2.49385E-07
4875.02	1.74E-06	0.000002	0	2.61141E-07
4885.02	1.75E-06	0.000002	0	2.48939E-07
4895.02	1.75E-06	0.000002	0	2.4782E-07
4905.02	1.75E-06	0.000002	0	2.51518E-07
4915.01	1.74E-06	0.000002	0	2.56134E-07
4925.02	1.75E-06	0.000002	0	2.45233E-07
4935.02	1.75E-06	0.000002	0	2.52102E-07
4945.02	1.74E-06	0.000002	0	2.56076E-07
4955.02	1.75E-06	0.000002	0	2.48364E-07
4965.02	1.75E-06	0.000002	0	2.46593E-07
4975.01	1.76E-06	0.000002	0	2.39715E-07
4985.01	1.76E-06	0.000002	0	2.41783E-07
4995.02	1.77E-06	0.000002	0	2.33871E-07
5005.02	1.76E-06	0.000002	0	2.44777E-07
5015.02	1.77E-06	0.000002	0	2.29128E-07
5025.01	1.76E-06	0.000002	0	2.37618E-07
5035.01	1.77E-06	0.000002	0	2.34806E-07
5045.02	1.77E-06	0.000002	0	2.32352E-07
5055.01	1.77E-06	0.000002	0	2.26895E-07
5065.01	1.78E-06	0.000002	0	2.24659E-07
5075.01	1.77E-06	0.000002	0	2.3229E-07
5085.01	1.79E-06	0.000002	0	2.14357E-07
5095.02	1.77E-06	0.000002	0	2.32821E-07
5105.01	1.77E-06	0.000002	0	2.26475E-07
5115.02	1.77E-06	0.000002	0	2.30876E-07
5125.02	1.78E-06	0.000002	0	2.19812E-07
5135.02	1.78E-06	0.000002	0	2.18951E-07
5145.02	1.78E-06	0.000002	0	2.2368E-07
5155.02	1.77E-06	0.000002	0	2.26577E-07
5165.02	1.78E-06	0.000002	0	2.15164E-07
5175.01	1.77E-06	0.000002	0	2.32587E-07
5185.01	1.77E-06	0.000002	0	2.26328E-07
5195.01	1.78E-06	0.000002	0	2.18021E-07
5205.02	1.79E-06	0.000002	0	2.11468E-07
5215.01	1.78E-06	0.000002	0	2.16343E-07
5225.02	1.78E-06	0.000002	0	2.24445E-07
5235.02	1.78E-06	0.000002	0	2.19699E-07
5245.02	1.79E-06	0.000002	0	2.14013E-07
5255.01	1.80E-06	0.000002	0	2.01347E-07
5265.02	1.79E-06	0.000002	0	2.08176E-07
5275.01	1.80E-06	0.000002	0	1.99882E-07
5285.01	1.80E-06	0.000002	0	2.0359E-07
5295.01	1.78E-06	0.000002	0	2.16996E-07
5305.02	1.79E-06	0.000002	0	2.11294E-07
5315.01	1.79E-06	0.000002	0	2.06747E-07
5325.01	1.80E-06	0.000002	0	2.0174E-07
5335.02	1.81E-06	0.000002	0	1.92666E-07
5345.01	1.79E-06	0.000002	0	2.13038E-07
5355.02	1.78E-06	0.000002	0	2.15454E-07
5365.01	1.79E-06	0.000002	0	2.05933E-07
5375.02	1.79E-06	0.000002	0	2.11144E-07
5385.01	1.79E-06	0.000002	0	2.06832E-07
5395.01	1.79E-06	0.000002	0	2.06008E-07
5405.02	1.79E-06	0.000002	0	2.12816E-07
5415.02	1.80E-06	0.000002	0	1.96536E-07
5425.02	1.80E-06	0.000002	0	1.97696E-07
5435.02	1.78E-06	0.000002	0	2.15597E-07
5445.01	1.79E-06	0.000002	0	2.08082E-07
5455.02	1.80E-06	0.000002	0	1.97912E-07
5465.02	1.80E-06	0.000002	0	1.97889E-07
5475.01	1.79E-06	0.000002	0	2.08405E-07
5485.02	1.80E-06	0.000002	0	1.99518E-07
5495.02	1.80E-06	0.000002	0	1.95407E-07
5505.01	1.81E-06	0.000002	0	1.87704E-07
5515.02	1.82E-06	0.000002	0	1.82078E-07
5525.01	1.80E-06	0.000002	0	1.96265E-07
5535.02	1.80E-06	0.000002	0	1.97058E-07
5545.02	1.81E-06	0.000002	0	1.89975E-07
5555.01	1.82E-06	0.000002	0	1.84234E-07
5565.02	1.81E-06	0.000002	0	1.85548E-07
5575.01	1.81E-06	0.000002	0	1.87367E-07
5585.01	1.81E-06	0.000002	0	1.87707E-07
5595	1.82E-06	0.000002	0	1.83002E-07
5605.02	1.81E-06	0.000002	0	1.86482E-07
5615.02	1.82E-06	0.000002	0	1.76381E-07
5625.01	1.82E-06	0.000002	0	1.8393E-07
5635.01	1.80E-06	0.000002	0	1.95924E-07
5645.02	1.80E-06	0.000002	0	1.95709E-07
5655.01	1.81E-06	0.000002	0	1.91173E-07
5665.01	1.81E-06	0.000002	0	1.87679E-07
5675.01	1.81E-06	0.000002	0	1.94268E-07
5685.02	1.82E-06	0.000002	0	1.83184E-07
5695.01	1.82E-06	0.000002	0	1.82521E-07
5705.02	1.82E-06	0.000002	0	1.7702E-07
5715.01	1.82E-06	0.000002	0	1.80674E-07
5725.02	1.82E-06	0.000002	0	1.8282E-07
5735.01	1.83E-06	0.000002	0	1.68652E-07
5745.01	1.82E-06	0.000002	0	1.79847E-07
5755.01	1.82E-06	0.000002	0	1.83665E-07
5765.01	1.83E-06	0.000002	0	1.74974E-07
5775	1.83E-06	0.000002	0	1.70089E-07
5785.01	1.82E-06	0.000002	0	1.77694E-07
5795.02	1.82E-06	0.000002	0	1.76174E-07
5805.01	1.83E-06	0.000002	0	1.7266E-07
5815.02	1.83E-06	0.000002	0	1.71088E-07
5825.02	1.80E-06	0.000002	0	1.96032E-07
5835.01	1.83E-06	0.000002	0	1.73147E-07
5845.01	1.82E-06	0.000002	0	1.78114E-07
5855.01	1.83E-06	0.000002	0	1.73614E-07
5865.03	1.83E-06	0.000002	0	1.69813E-07
5875.02	1.84E-06	0.000002	0	1.64562E-07
5885.02	1.83E-06	0.000002	0	1.69791E-07
5895.02	1.83E-06	0.000002	0	1.69951E-07
5905.02	1.83E-06	0.000002	0	1.67478E-07
5915.01	1.84E-06	0.000002	0	1.62815E-07
5925.01	1.83E-06	0.000002	0	1.66175E-07
5935.02	1.83E-06	0.000002	0	1.74526E-07
5945.02	1.83E-06	0.000002	0	1.71594E-07
5955.01	1.84E-06	0.000002	0	1.60055E-07
5965.01	1.84E-06	0.000002	0	1.64053E-07
5975.01	1.83E-06	0.000002	0	1.67198E-07
5985.01	1.83E-06	0.000002	0	1.65158E-07
5995.01	1.84E-06	0.000002	0	1.64576E-07
6005.01	1.84E-06	0.000002	0	1.61794E-07
6015.01	1.83606E-06	0.000002	0	1.63936E-07
6025.02	1.84216E-06	0.000002	0	1.57839E-07
6035.01	1.84386E-06	0.000002	0	1.56138E-07
6045.02	1.83939E-06	0.000002	0	1.60611E-07
6055.01	1.83923E-06	0.000002	0	1.60769E-07
6065.01	1.84123E-06	0.000002	0	1.58765E-07
6075.01	1.84547E-06	0.000002	0	1.5453E-07
6085.02	1.8393E-06	0.000002	0	1.60703E-07
6095.02	1.85207E-06	0.000002	0	1.47926E-07
6105.02	1.84631E-06	0.000002	0	1.53687E-07
6115.01	1.83586E-06	0.000002	0	1.64144E-07
6125.01	1.83906E-06	0.000002	0	1.60943E-07
6135.02	1.83335E-06	0.000002	0	1.66648E-07
6145.02	1.83645E-06	0.000002	0	1.63545E-07
6155.02	1.84703E-06	0.000002	0	1.52973E-07
6165.01	1.8393E-06	0.000002	0	1.60697E-07
6175.01	1.84538E-06	0.000002	0	1.54618E-07
6185.02	1.84356E-06	0.000002	0	1.56443E-07
6195.01	1.84496E-06	0.000002	0	1.55038E-07
6205.02	1.84017E-06	0.000002	0	1.59826E-07
6215.02	1.84857E-06	0.000002	0	1.51434E-07
6225.02	1.84925E-06	0.000002	0	1.50754E-07
6235.01	1.84435E-06	0.000002	0	1.55646E-07
6245.02	1.85136E-06	0.000002	0	1.48636E-07
6255.02	1.85228E-06	0.000002	0	1.47721E-07
6265.01	1.86203E-06	0.000002	0	1.37966E-07
6275.02	1.85934E-06	0.000002	0	1.40664E-07
6285.02	1.84464E-06	0.000002	0	1.55364E-07
6295.01	1.84123E-06	0.000002	0	1.58775E-07
6305.01	1.85592E-06	0.000002	0	1.44078E-07
6315.01	1.8578E-06	0.000002	0	1.42196E-07
6325.02	1.85981E-06	0.000002	0	1.40187E-07
6335.01	1.83755E-06	0.000002	0	1.62446E-07
6345.03	1.85288E-06	0.000002	0	1.47117E-07
6355.01	1.85242E-06	0.000002	0	1.47583E-07
6365.02	1.85786E-06	0.000002	0	1.42136E-07
6375.02	1.85002E-06	0.000002	0	1.4998E-07
6385.01	1.851E-06	0.000002	0	1.49001E-07
6395.02	1.85646E-06	0.000002	0	1.4354E-07
6405.02	1.8532E-06	0.000002	0	1.46799E-07
6415.02	1.85186E-06	0.000002	0	1.48142E-07
6425.02	1.85468E-06	0.000002	0	1.45322E-07
6435.01	1.85065E-06	0.000002	0	1.49355E-07
6445.01	1.85068E-06	0.000002	0	1.49317E-07
6455.01	1.8596E-06	0.000002	0	1.40402E-07
6465.02	1.87096E-06	0.000002	0	1.29039E-07
6475.02	1.85012E-06	0.000002	0	1.49881E-07
6485.01	1.85758E-06	0.000002	0	1.42417E-07
6495.02	1.86536E-06	0.000002	0	1.34644E-07
6505.01	1.85999E-06	0.000002	0	1.40015E-07
6515.01	1.85197E-06	0.000002	0	1.48029E-07
6525.02	1.85533E-06	0.000002	0	1.44665E-07
6535.01	1.84784E-06	0.000002	0	1.52156E-07
6545.01	1.86357E-06	0.000002	0	1.3643E-07
6555.02	1.86143E-06	0.000002	0	1.38572E-07
6565.01	1.85578E-06	0.000002	0	1.44219E-07
6575.01	1.86132E-06	0.000002	0	1.38685E-07
6585.02	1.85897E-06	0.000002	0	1.41032E-07
6595.01	1.85824E-06	0.000002	0	1.41764E-07
6605.02	1.86479E-06	0.000002	0	1.35211E-07
6615.01	1.85965E-06	0.000002	0	1.40355E-07
6625.02	1.85772E-06	0.000002	0	1.42276E-07
6635.02	1.85491E-06	0.000002	0	1.45093E-07
6645.02	1.86028E-06	0.000002	0	1.3972E-07
6655.02	1.86738E-06	0.000002	0	1.32624E-07
6665.02	1.86385E-06	0.000002	0	1.36153E-07
6675.01	1.86434E-06	0.000002	0	1.35658E-07
6685.01	1.86418E-06	0.000002	0	1.35816E-07
6695.02	1.85949E-06	0.000002	0	1.40509E-07
6705.01	1.86554E-06	0.000002	0	1.34462E-07
6715.01	1.86673E-06	0.000002	0	1.33273E-07
6725.01	1.86574E-06	0.000002	0	1.34255E-07
6735.01	1.85786E-06	0.000002	0	1.42143E-07
6745.01	1.8786E-06	0.000002	0	1.21398E-07
6755.03	1.86781E-06	0.000002	0	1.32193E-07
6765.02	1.86539E-06	0.000002	0	1.34614E-07
6775.01	1.86291E-06	0.000002	0	1.37087E-07
6785.02	1.86982E-06	0.000002	0	1.30185E-07
6795.01	1.85955E-06	0.000002	0	1.40454E-07
6805.01	1.86555E-06	0.000002	0	1.34448E-07
6815.01	1.86508E-06	0.000002	0	1.34923E-07
6825.02	1.87033E-06	0.000002	0	1.29671E-07
6835.01	1.86726E-06	0.000002	0	1.32742E-07
6845.01	1.86642E-06	0.000002	0	1.33582E-07
6855.01	1.86453E-06	0.000002	0	1.35467E-07
6865.01	1.87697E-06	0.000002	0	1.23028E-07
6875.01	1.86902E-06	0.000002	0	1.30976E-07
6885.02	1.87107E-06	0.000002	0	1.28925E-07
6895.01	1.86626E-06	0.000002	0	1.33738E-07
6905.01	1.87747E-06	0.000002	0	1.22532E-07
6915.03	1.86743E-06	0.000002	0	1.32566E-07
6925	1.86676E-06	0.000002	0	1.33245E-07
6935.01	1.88031E-06	0.000002	0	1.19692E-07
6945.01	1.8715E-06	0.000002	0	1.28504E-07
6955.02	1.87362E-06	0.000002	0	1.26379E-07
6965.03	1.86945E-06	0.000002	0	1.30555E-07
6975.02	1.87716E-06	0.000002	0	1.22841E-07
6985.05	1.88067E-06	0.000002	0	1.19327E-07
6995.01	1.87971E-06	0.000002	0	1.20287E-07
7005.01	1.88139E-06	0.000002	0	1.18608E-07
7015.01	1.87021E-06	0.000002	0	1.29785E-07
7025.02	1.8707E-06	0.000002	0	1.293E-07
7035.02	1.8817E-06	0.000002	0	1.183E-07
7045.01	1.87151E-06	0.000002	0	1.28486E-07
7055.02	1.86553E-06	0.000002	0	1.3447E-07
7065.01	1.87123E-06	0.000002	0	1.28771E-07
7075.01	1.88437E-06	0.000002	0	1.15631E-07
7085.01	1.86592E-06	0.000002	0	1.3408E-07
7095.01	1.87793E-06	0.000002	0	1.22066E-07
7105.02	1.87892E-06	0.000002	0	1.2108E-07
7115.01	1.87385E-06	0.000002	0	1.26146E-07
7125.01	1.87636E-06	0.000002	0	1.23643E-07
7135.01	1.87214E-06	0.000002	0	1.2786E-07
7145.01	1.88504E-06	0.000002	0	1.14957E-07
7155.01	1.87114E-06	0.000002	0	1.28856E-07
7165.01	1.87348E-06	0.000002	0	1.26518E-07
7175.02	1.87622E-06	0.000002	0	1.2378E-07
7185.02	1.88808E-06	0.000002	0	1.1192E-07
7195.01	1.89046E-06	0.000002	0	1.0954E-07
7205.01	1.87148E-06	0.000002	0	1.28518E-07
7215.02	1.878E-06	0.000002	0	1.21998E-07
7225.02	1.87544E-06	0.000002	0	1.24557E-07
7235.01	1.86756E-06	0.000002	0	1.32438E-07
7245.02	1.88698E-06	0.000002	0	1.13022E-07
7255.02	1.88704E-06	0.000002	0	1.12962E-07
7265.01	1.8789E-06	0.000002	0	1.211E-07
7275.02	1.87801E-06	0.000002	0	1.21989E-07
7285.01	1.87395E-06	0.000002	0	1.26053E-07
7295.02	1.88345E-06	0.000002	0	1.16547E-07
7305.01	1.87886E-06	0.000002	0	1.21144E-07
7315.02	1.88176E-06	0.000002	0	1.18239E-07
7325.01	1.88514E-06	0.000002	0	1.14861E-07
7335.01	1.8778E-06	0.000002	0	1.22205E-07
7345.02	1.88534E-06	0.000002	0	1.14662E-07
7355.01	1.8736E-06	0.000002	0	1.26404E-07
7365.02	1.86718E-06	0.000002	0	1.32819E-07
7375.01	1.88182E-06	0.000002	0	1.18181E-07
7385.01	1.87321E-06	0.000002	0	1.26793E-07
7395.02	1.89047E-06	0.000002	0	1.09534E-07
7405.02	1.88247E-06	0.000002	0	1.1753E-07
7415.01	1.87604E-06	0.000002	0	1.23961E-07
7425.01	1.87934E-06	0.000002	0	1.20662E-07
7435.02	1.88133E-06	0.000002	0	1.18666E-07
7445.01	1.86875E-06	0.000002	0	1.31247E-07
7455.02	1.87873E-06	0.000002	0	1.21274E-07
7465.01	1.88045E-06	0.000002	0	1.19548E-07
7475.01	1.87597E-06	0.000002	0	1.24027E-07
7485.01	1.87181E-06	0.000002	0	1.28189E-07
7495.02	1.87255E-06	0.000002	0	1.27451E-07
7505.02	1.87882E-06	0.000002	0	1.21179E-07
7515.01	1.8714E-06	0.000002	0	1.28596E-07
7525.01	1.88257E-06	0.000002	0	1.17428E-07
7535.02	1.86224E-06	0.000002	0	1.37762E-07
7545.02	0.0000019	0.000002	0	1E-07
7555.02	1.87681E-06	0.000002	0	1.23192E-07
7565.01	1.8828E-06	0.000002	0	1.17204E-07
7575.01	1.89262E-06	0.000002	0	1.07383E-07
7585.01	1.89353E-06	0.000002	0	1.06469E-07
7595.02	1.88781E-06	0.000002	0	1.12188E-07
7605.02	1.88718E-06	0.000002	0	1.12821E-07
7615.02	1.8818E-06	0.000002	0	1.18203E-07
7625.01	1.87923E-06	0.000002	0	1.20773E-07
7635.02	1.88513E-06	0.000002	0	1.14868E-07
7645.01	1.88007E-06	0.000002	0	1.19927E-07
7655.01	1.88012E-06	0.000002	0	1.19875E-07
7665.02	1.87977E-06	0.000002	0	1.20228E-07
7675.01	1.87209E-06	0.000002	0	1.27907E-07
7685.01	1.88606E-06	0.000002	0	1.13935E-07
7695.01	1.88322E-06	0.000002	0	1.16777E-07
7705.02	1.88105E-06	0.000002	0	1.18954E-07
7715.02	1.8785E-06	0.000002	0	1.21501E-07
7725.01	1.8777E-06	0.000002	0	1.22304E-07
7735.01	1.89079E-06	0.000002	0	1.09214E-07
7745	1.88501E-06	0.000002	0	1.14994E-07
7755.02	1.88055E-06	0.000002	0	1.19446E-07
7765.01	1.86765E-06	0.000002	0	1.32347E-07
7775.02	1.88375E-06	0.000002	0	1.16253E-07
7785.02	1.87282E-06	0.000002	0	1.27176E-07
7795.01	1.88013E-06	0.000002	0	1.19872E-07
7805.02	1.88095E-06	0.000002	0	1.19049E-07
7815.01	1.86916E-06	0.000002	0	1.30843E-07
7825.01	1.87569E-06	0.000002	0	1.24308E-07
7835.02	1.87693E-06	0.000002	0	1.23065E-07
7845.01	1.88278E-06	0.000002	0	1.17221E-07
7855.01	1.87683E-06	0.000002	0	1.23173E-07
7865.02	1.87738E-06	0.000002	0	1.22619E-07
7875.02	1.881E-06	0.000002	0	1.18996E-07
7885.02	1.87032E-06	0.000002	0	1.29682E-07
7895.01	1.86798E-06	0.000002	0	1.32021E-07
7905.02	1.88863E-06	0.000002	0	1.1137E-07
7915.01	1.88164E-06	0.000002	0	1.1836E-07
7925.01	1.88116E-06	0.000002	0	1.18844E-07
7935.02	1.88972E-06	0.000002	0	1.10277E-07
7945.02	1.87881E-06	0.000002	0	1.21193E-07
7955.01	1.87611E-06	0.000002	0	1.23889E-07
7965.01	1.88076E-06	0.000002	0	1.19244E-07
7975.02	1.88165E-06	0.000002	0	1.18352E-07
7985.02	1.87243E-06	0.000002	0	1.27571E-07
7995.02	1.87668E-06	0.000002	0	1.23319E-07
8005.01	1.8757E-06	0.000002	0	1.24295E-07
8015.02	1.88023E-06	0.000002	0	1.19767E-07
8025.01	1.89388E-06	0.000002	0	1.06122E-07
8035.01	1.88622E-06	0.000002	0	1.13779E-07
8045.02	1.87333E-06	0.000002	0	1.26667E-07
