20.33	0	2e-07	4e-06	7.5e-09
30.33	9.8668e-09	2e-07	4e-06	7.5e-09
40.33	1.6445e-08	2e-07	4e-06	7.5e-09
50.33	4.144e-08	2e-07	4e-06	7.5e-09
60.33	6.7094e-08	2e-07	4e-06	7.5e-09
70.33	9.5379e-08	2e-07	4e-06	7.5e-09
80.33	1.3024e-07	2e-07	4e-06	7.5e-09
90.33	1.7629e-07	2e-07	4e-06	7.5e-09
100.33	2.3286e-07	2e-07	4e-06	7.5e-09
110.33	2.7101e-07	2e-07	4e-06	7.5e-09
120.33	3.2166e-07	2e-07	4e-06	7.5e-09
130.33	3.8678e-07	2e-07	4e-06	7.5e-09
140.33	4.5321e-07	2e-07	4e-06	7.5e-09
150.33	5.1636e-07	2e-07	4e-06	7.5e-09
160.33	6.0121e-07	2e-07	4e-06	7.5e-09
170.33	6.7357e-07	2e-07	4e-06	7.5e-09
180.33	7.4066e-07	2e-07	4e-06	7.5e-09
190.33	8.2683e-07	2e-07	4e-06	7.5e-09
200.33	9.0971e-07	2e-07	4e-06	7.5e-09
210.33	9.8602e-07	2e-07	4e-06	7.5e-09
220.33	1.0636e-06	2e-07	4e-06	7.5e-09
230.33	1.1314e-06	2e-07	4e-06	7.5e-09
240.33	1.2248e-06	2e-07	4e-06	7.5e-09
250.33	1.3024e-06	2e-07	4e-06	7.5e-09
260.33	1.3807e-06	2e-07	4e-06	7.5e-09
270.33	1.4616e-06	2e-07	4e-06	7.5e-09
280.33	1.5293e-06	2e-07	4e-06	7.5e-09
290.33	1.601e-06	2e-07	4e-06	7.5e-09
300.33	1.6563e-06	2e-07	4e-06	7.5e-09
310.33	1.7346e-06	2e-07	4e-06	7.5e-09
320.33	1.7911e-06	2e-07	4e-06	7.5e-09
330.33	1.8661e-06	2e-07	4e-06	7.5e-09
340.33	1.9523e-06	2e-07	4e-06	7.5e-09
350.33	1.9931e-06	2e-07	4e-06	7.5e-09
360.33	2.0569e-06	2e-07	4e-06	7.5e-09
370.33	2.1325e-06	2e-07	4e-06	7.5e-09
380.33	2.1753e-06	2e-07	4e-06	7.5e-09
390.33	2.2384e-06	2e-07	4e-06	7.5e-09
400.33	2.2759e-06	2e-07	4e-06	7.5e-09
410.33	2.3233e-06	2e-07	4e-06	7.5e-09
420.33	2.3641e-06	2e-07	4e-06	7.5e-09
430.33	2.4213e-06	2e-07	4e-06	7.5e-09
440.33	2.4667e-06	2e-07	4e-06	7.5e-09
450.33	2.5285e-06	2e-07	4e-06	7.5e-09
460.33	2.5805e-06	2e-07	4e-06	7.5e-09
470.33	2.6055e-06	2e-07	4e-06	7.5e-09
480.33	2.6548e-06	2e-07	4e-06	7.5e-09
490.33	2.712e-06	2e-07	4e-06	7.5e-09
500.33	2.7265e-06	2e-07	4e-06	7.5e-09
510.33	2.7811e-06	2e-07	4e-06	7.5e-09
520.33	2.8272e-06	2e-07	4e-06	7.5e-09
530.33	2.839e-06	2e-07	4e-06	7.5e-09
540.33	2.8916e-06	2e-07	4e-06	7.5e-09
550.33	2.9285e-06	2e-07	4e-06	7.5e-09
560.33	2.9679e-06	2e-07	4e-06	7.5e-09
570.33	2.9955e-06	2e-07	4e-06	7.5e-09
580.33	3.037e-06	2e-07	4e-06	7.5e-09
590.33	3.0712e-06	2e-07	4e-06	7.5e-09
600.33	3.0758e-06	2e-07	4e-06	7.5e-09
610.33	3.1264e-06	2e-07	4e-06	7.5e-09
620.33	3.137e-06	2e-07	4e-06	7.5e-09
630.33	3.1771e-06	2e-07	4e-06	7.5e-09
640.33	3.1981e-06	2e-07	4e-06	7.5e-09
650.33	3.237e-06	2e-07	4e-06	7.5e-09
660.33	3.2613e-06	2e-07	4e-06	7.5e-09
670.33	3.2929e-06	2e-07	4e-06	7.5e-09
680.33	3.3244e-06	2e-07	4e-06	7.5e-09
690.33	3.3369e-06	2e-07	4e-06	7.5e-09
700.33	3.3718e-06	2e-07	4e-06	7.5e-09
710.33	3.3843e-06	2e-07	4e-06	7.5e-09
720.33	3.3981e-06	2e-07	4e-06	7.5e-09
730.33	3.4369e-06	2e-07	4e-06	7.5e-09
740.33	3.4277e-06	2e-07	4e-06	7.5e-09
750.33	3.4659e-06	2e-07	4e-06	7.5e-09
760.33	3.4784e-06	2e-07	4e-06	7.5e-09
770.33	3.4876e-06	2e-07	4e-06	7.5e-09
780.33	3.5007e-06	2e-07	4e-06	7.5e-09
790.33	3.5343e-06	2e-07	4e-06	7.5e-09
800.33	3.5553e-06	2e-07	4e-06	7.5e-09
810.33	3.5573e-06	2e-07	4e-06	7.5e-09
820.33	3.5816e-06	2e-07	4e-06	7.5e-09
830.33	3.5691e-06	2e-07	4e-06	7.5e-09
840.33	3.6099e-06	2e-07	4e-06	7.5e-09
850.33	3.604e-06	2e-07	4e-06	7.5e-09
860.33	3.6165e-06	2e-07	4e-06	7.5e-09
870.33	3.631e-06	2e-07	4e-06	7.5e-09
880.33	3.6356e-06	2e-07	4e-06	7.5e-09
890.33	3.6711e-06	2e-07	4e-06	7.5e-09
900.33	3.6685e-06	2e-07	4e-06	7.5e-09
910.33	3.6783e-06	2e-07	4e-06	7.5e-09
920.33	3.6941e-06	2e-07	4e-06	7.5e-09
930.33	3.7132e-06	2e-07	4e-06	7.5e-09
940.33	3.7257e-06	2e-07	4e-06	7.5e-09
950.33	3.7099e-06	2e-07	4e-06	7.5e-09
960.33	3.7198e-06	2e-07	4e-06	7.5e-09
970.33	3.7329e-06	2e-07	4e-06	7.5e-09
980.33	3.7171e-06	2e-07	4e-06	7.5e-09
990.33	3.7461e-06	2e-07	4e-06	7.5e-09
1000.3	3.7461e-06	2e-07	4e-06	7.5e-09
1010.3	3.7665e-06	2e-07	4e-06	7.5e-09
1020.3	3.7559e-06	2e-07	4e-06	7.5e-09
1030.3	3.775e-06	2e-07	4e-06	7.5e-09
1040.3	3.7744e-06	2e-07	4e-06	7.5e-09
1050.3	3.775e-06	2e-07	4e-06	7.5e-09
1060.3	3.7684e-06	2e-07	4e-06	7.5e-09
1070.3	3.8013e-06	2e-07	4e-06	7.5e-09
1080.3	3.7842e-06	2e-07	4e-06	7.5e-09
1090.3	3.8059e-06	2e-07	4e-06	7.5e-09
1100.3	3.8092e-06	2e-07	4e-06	7.5e-09
1110.3	3.7987e-06	2e-07	4e-06	7.5e-09
1120.3	3.8198e-06	2e-07	4e-06	7.5e-09
1130.3	3.8119e-06	2e-07	4e-06	7.5e-09
1140.3	3.8145e-06	2e-07	4e-06	7.5e-09
1150.3	3.8178e-06	2e-07	4e-06	7.5e-09
1160.3	3.8382e-06	2e-07	4e-06	7.5e-09
1170.3	3.8073e-06	2e-07	4e-06	7.5e-09
1180.3	3.8375e-06	2e-07	4e-06	7.5e-09
1190.3	3.8303e-06	2e-07	4e-06	7.5e-09
1200.3	3.8263e-06	2e-07	4e-06	7.5e-09
1210.3	3.8283e-06	2e-07	4e-06	7.5e-09
1220.3	3.8507e-06	2e-07	4e-06	7.5e-09
1230.3	3.8349e-06	2e-07	4e-06	7.5e-09
1240.3	3.8599e-06	2e-07	4e-06	7.5e-09
1250.3	3.8579e-06	2e-07	4e-06	7.5e-09
1260.3	3.8546e-06	2e-07	4e-06	7.5e-09
1270.3	3.8717e-06	2e-07	4e-06	7.5e-09
1280.3	3.8447e-06	2e-07	4e-06	7.5e-09
1290.3	3.8632e-06	2e-07	4e-06	7.5e-09
1300.3	3.8849e-06	2e-07	4e-06	7.5e-09
1310.3	3.8796e-06	2e-07	4e-06	7.5e-09
1320.3	3.8809e-06	2e-07	4e-06	7.5e-09
1330.3	3.9e-06	2e-07	4e-06	7.5e-09
1340.3	3.8645e-06	2e-07	4e-06	7.5e-09
1350.3	3.8882e-06	2e-07	4e-06	7.5e-09
