19	0	5e-07	4e-06	7.5e-09
29	1.0661e-08	5e-07	4e-06	7.5e-09
39	2.0695e-08	5e-07	4e-06	7.5e-09
49	4.3271e-08	5e-07	4e-06	7.5e-09
59	7.7135e-08	5e-07	4e-06	7.5e-09
69	1.2041e-07	5e-07	4e-06	7.5e-09
79	1.5552e-07	5e-07	4e-06	7.5e-09
89	1.9566e-07	5e-07	4e-06	7.5e-09
99	2.5273e-07	5e-07	4e-06	7.5e-09
109	3.2923e-07	5e-07	4e-06	7.5e-09
119	4.026e-07	5e-07	4e-06	7.5e-09
129	4.7849e-07	5e-07	4e-06	7.5e-09
139	5.5687e-07	5e-07	4e-06	7.5e-09
149	6.3652e-07	5e-07	4e-06	7.5e-09
159	7.2431e-07	5e-07	4e-06	7.5e-09
169	8.2465e-07	5e-07	4e-06	7.5e-09
179	9.1997e-07	5e-07	4e-06	7.5e-09
189	1.0165e-06	5e-07	4e-06	7.5e-09
199	1.1194e-06	5e-07	4e-06	7.5e-09
209	1.1997e-06	5e-07	4e-06	7.5e-09
219	1.3038e-06	5e-07	4e-06	7.5e-09
229	1.3878e-06	5e-07	4e-06	7.5e-09
239	1.4718e-06	5e-07	4e-06	7.5e-09
249	1.5697e-06	5e-07	4e-06	7.5e-09
259	1.6662e-06	5e-07	4e-06	7.5e-09
269	1.7189e-06	5e-07	4e-06	7.5e-09
279	1.8192e-06	5e-07	4e-06	7.5e-09
289	1.8983e-06	5e-07	4e-06	7.5e-09
299	1.9716e-06	5e-07	4e-06	7.5e-09
309	2.0507e-06	5e-07	4e-06	7.5e-09
319	2.1315e-06	5e-07	4e-06	7.5e-09
329	2.1905e-06	5e-07	4e-06	7.5e-09
339	2.267e-06	5e-07	4e-06	7.5e-09
349	2.3416e-06	5e-07	4e-06	7.5e-09
359	2.4119e-06	5e-07	4e-06	7.5e-09
369	2.4696e-06	5e-07	4e-06	7.5e-09
379	2.5385e-06	5e-07	4e-06	7.5e-09
389	2.6082e-06	5e-07	4e-06	7.5e-09
399	2.6546e-06	5e-07	4e-06	7.5e-09
409	2.726e-06	5e-07	4e-06	7.5e-09
419	2.7794e-06	5e-07	4e-06	7.5e-09
429	2.8157e-06	5e-07	4e-06	7.5e-09
439	2.8791e-06	5e-07	4e-06	7.5e-09
449	2.906e-06	5e-07	4e-06	7.5e-09
459	2.97e-06	5e-07	4e-06	7.5e-09
469	2.9982e-06	5e-07	4e-06	7.5e-09
479	3.0616e-06	5e-07	4e-06	7.5e-09
489	3.0929e-06	5e-07	4e-06	7.5e-09
499	3.1249e-06	5e-07	4e-06	7.5e-09
509	3.1738e-06	5e-07	4e-06	7.5e-09
519	3.1907e-06	5e-07	4e-06	7.5e-09
529	3.2353e-06	5e-07	4e-06	7.5e-09
539	3.2528e-06	5e-07	4e-06	7.5e-09
549	3.3093e-06	5e-07	4e-06	7.5e-09
559	3.3199e-06	5e-07	4e-06	7.5e-09
569	3.3845e-06	5e-07	4e-06	7.5e-09
579	3.3895e-06	5e-07	4e-06	7.5e-09
589	3.404e-06	5e-07	4e-06	7.5e-09
599	3.4315e-06	5e-07	4e-06	7.5e-09
609	3.4535e-06	5e-07	4e-06	7.5e-09
619	3.4667e-06	5e-07	4e-06	7.5e-09
629	3.5068e-06	5e-07	4e-06	7.5e-09
639	3.5124e-06	5e-07	4e-06	7.5e-09
649	3.5532e-06	5e-07	4e-06	7.5e-09
659	3.5639e-06	5e-07	4e-06	7.5e-09
669	3.5708e-06	5e-07	4e-06	7.5e-09
679	3.5996e-06	5e-07	4e-06	7.5e-09
689	3.6222e-06	5e-07	4e-06	7.5e-09
699	3.6209e-06	5e-07	4e-06	7.5e-09
709	3.6347e-06	5e-07	4e-06	7.5e-09
719	3.6636e-06	5e-07	4e-06	7.5e-09
729	3.6736e-06	5e-07	4e-06	7.5e-09
739	3.6692e-06	5e-07	4e-06	7.5e-09
749	3.6849e-06	5e-07	4e-06	7.5e-09
759	3.6843e-06	5e-07	4e-06	7.5e-09
769	3.7288e-06	5e-07	4e-06	7.5e-09
779	3.7501e-06	5e-07	4e-06	7.5e-09
789	3.7558e-06	5e-07	4e-06	7.5e-09
799	3.7457e-06	5e-07	4e-06	7.5e-09
809	3.7545e-06	5e-07	4e-06	7.5e-09
819	3.7639e-06	5e-07	4e-06	7.5e-09
829	3.7545e-06	5e-07	4e-06	7.5e-09
839	3.7602e-06	5e-07	4e-06	7.5e-09
849	3.7946e-06	5e-07	4e-06	7.5e-09
859	3.779e-06	5e-07	4e-06	7.5e-09
869	3.799e-06	5e-07	4e-06	7.5e-09
879	3.8091e-06	5e-07	4e-06	7.5e-09
889	3.7972e-06	5e-07	4e-06	7.5e-09
899	3.8291e-06	5e-07	4e-06	7.5e-09
909	3.8128e-06	5e-07	4e-06	7.5e-09
919	3.8247e-06	5e-07	4e-06	7.5e-09
929	3.8279e-06	5e-07	4e-06	7.5e-09
939	3.8304e-06	5e-07	4e-06	7.5e-09
949	3.8574e-06	5e-07	4e-06	7.5e-09
959	3.8479e-06	5e-07	4e-06	7.5e-09
969	3.8505e-06	5e-07	4e-06	7.5e-09
979	3.8574e-06	5e-07	4e-06	7.5e-09
989	3.8373e-06	5e-07	4e-06	7.5e-09
999	3.8705e-06	5e-07	4e-06	7.5e-09
1009	3.8586e-06	5e-07	4e-06	7.5e-09
1019	3.863e-06	5e-07	4e-06	7.5e-09
1029	3.8624e-06	5e-07	4e-06	7.5e-09
1039	3.8718e-06	5e-07	4e-06	7.5e-09
1049	3.8718e-06	5e-07	4e-06	7.5e-09
1059	3.8611e-06	5e-07	4e-06	7.5e-09
1069	3.9e-06	5e-07	4e-06	7.5e-09
