22.33	0	0	4e-06	0
32.33	1.7429e-08	0	4e-06	0
42.33	2.9979e-08	0	4e-06	0
52.33	5.3683e-08	0	4e-06	0
62.33	8.2964e-08	0	4e-06	0
72.33	1.1503e-07	0	4e-06	0
82.33	1.5686e-07	0	4e-06	0
92.33	1.966e-07	0	4e-06	0
102.33	2.3355e-07	0	4e-06	0
112.33	2.6841e-07	0	4e-06	0
122.33	3.221e-07	0	4e-06	0
132.33	3.6532e-07	0	4e-06	0
142.33	4.2737e-07	0	4e-06	0
152.33	4.7338e-07	0	4e-06	0
162.33	5.424e-07	0	4e-06	0
172.33	6.0166e-07	0	4e-06	0
182.33	6.6441e-07	0	4e-06	0
192.33	7.2437e-07	0	4e-06	0
202.33	7.892e-07	0	4e-06	0
212.33	8.6729e-07	0	4e-06	0
222.33	9.2794e-07	0	4e-06	0
232.33	9.8232e-07	0	4e-06	0
242.33	1.0472e-06	0	4e-06	0
252.33	1.1225e-06	0	4e-06	0
262.33	1.1922e-06	0	4e-06	0
272.33	1.2431e-06	0	4e-06	0
282.33	1.31e-06	0	4e-06	0
292.33	1.3874e-06	0	4e-06	0
302.33	1.4445e-06	0	4e-06	0
312.33	1.5059e-06	0	4e-06	0
322.33	1.5519e-06	0	4e-06	0
332.33	1.6119e-06	0	4e-06	0
342.33	1.6642e-06	0	4e-06	0
352.33	1.7018e-06	0	4e-06	0
362.33	1.7583e-06	0	4e-06	0
372.33	1.8127e-06	0	4e-06	0
382.33	1.8531e-06	0	4e-06	0
392.33	1.8866e-06	0	4e-06	0
402.33	1.9395e-06	0	4e-06	0
412.33	2.0079e-06	0	4e-06	0
422.33	2.049e-06	0	4e-06	0
432.33	2.1159e-06	0	4e-06	0
442.33	2.1696e-06	0	4e-06	0
452.33	2.2045e-06	0	4e-06	0
462.33	2.2756e-06	0	4e-06	0
472.33	2.3042e-06	0	4e-06	0
482.33	2.3383e-06	0	4e-06	0
492.33	2.392e-06	0	4e-06	0
502.33	2.4429e-06	0	4e-06	0
512.33	2.4645e-06	0	4e-06	0
522.33	2.5022e-06	0	4e-06	0
532.33	2.5565e-06	0	4e-06	0
542.33	2.5795e-06	0	4e-06	0
552.33	2.613e-06	0	4e-06	0
562.33	2.659e-06	0	4e-06	0
572.33	2.6758e-06	0	4e-06	0
582.33	2.7148e-06	0	4e-06	0
592.33	2.765e-06	0	4e-06	0
602.33	2.7789e-06	0	4e-06	0
612.33	2.7978e-06	0	4e-06	0
622.33	2.8431e-06	0	4e-06	0
632.33	2.8842e-06	0	4e-06	0
642.33	2.8898e-06	0	4e-06	0
652.33	2.917e-06	0	4e-06	0
662.33	2.9581e-06	0	4e-06	0
672.33	2.9853e-06	0	4e-06	0
682.33	3.0139e-06	0	4e-06	0
692.33	3.0257e-06	0	4e-06	0
702.33	3.0613e-06	0	4e-06	0
712.33	3.0676e-06	0	4e-06	0
722.33	3.1129e-06	0	4e-06	0
732.33	3.1115e-06	0	4e-06	0
742.33	3.1554e-06	0	4e-06	0
752.33	3.1659e-06	0	4e-06	0
762.33	3.1805e-06	0	4e-06	0
772.33	3.2168e-06	0	4e-06	0
782.33	3.2154e-06	0	4e-06	0
792.33	3.2656e-06	0	4e-06	0
802.33	3.2788e-06	0	4e-06	0
812.33	3.2997e-06	0	4e-06	0
822.33	3.2921e-06	0	4e-06	0
832.33	3.3102e-06	0	4e-06	0
842.33	3.3499e-06	0	4e-06	0
852.33	3.3632e-06	0	4e-06	0
862.33	3.3785e-06	0	4e-06	0
872.33	3.3771e-06	0	4e-06	0
882.33	3.389e-06	0	4e-06	0
892.33	3.4001e-06	0	4e-06	0
902.33	3.4224e-06	0	4e-06	0
912.33	3.4559e-06	0	4e-06	0
922.33	3.4524e-06	0	4e-06	0
932.33	3.4698e-06	0	4e-06	0
942.33	3.4935e-06	0	4e-06	0
952.33	3.4866e-06	0	4e-06	0
962.33	3.5089e-06	0	4e-06	0
972.33	3.5005e-06	0	4e-06	0
982.33	3.5368e-06	0	4e-06	0
992.33	3.5458e-06	0	4e-06	0
1002.3	3.5591e-06	0	4e-06	0
1012.3	3.5786e-06	0	4e-06	0
1022.3	3.5995e-06	0	4e-06	0
1032.3	3.5821e-06	0	4e-06	0
1042.3	3.6072e-06	0	4e-06	0
1052.3	3.6176e-06	0	4e-06	0
1062.3	3.6365e-06	0	4e-06	0
1072.3	3.6281e-06	0	4e-06	0
1082.3	3.6497e-06	0	4e-06	0
1092.3	3.6609e-06	0	4e-06	0
1102.3	3.642e-06	0	4e-06	0
1112.3	3.6518e-06	0	4e-06	0
1122.3	3.6832e-06	0	4e-06	0
1132.3	3.6915e-06	0	4e-06	0
1142.3	3.6888e-06	0	4e-06	0
1152.3	3.7041e-06	0	4e-06	0
1162.3	3.702e-06	0	4e-06	0
1172.3	3.7125e-06	0	4e-06	0
1182.3	3.7152e-06	0	4e-06	0
1192.3	3.7097e-06	0	4e-06	0
1202.3	3.7383e-06	0	4e-06	0
1212.3	3.7494e-06	0	4e-06	0
1222.3	3.748e-06	0	4e-06	0
1232.3	3.762e-06	0	4e-06	0
1242.3	3.7654e-06	0	4e-06	0
1252.3	3.762e-06	0	4e-06	0
1262.3	3.7759e-06	0	4e-06	0
1272.3	3.7822e-06	0	4e-06	0
1282.3	3.7878e-06	0	4e-06	0
1292.3	3.8052e-06	0	4e-06	0
1302.3	3.7843e-06	0	4e-06	0
1312.3	3.7815e-06	0	4e-06	0
1322.3	3.7989e-06	0	4e-06	0
1332.3	3.8142e-06	0	4e-06	0
1342.3	3.8122e-06	0	4e-06	0
1352.3	3.8247e-06	0	4e-06	0
1362.3	3.8296e-06	0	4e-06	0
1372.3	3.8331e-06	0	4e-06	0
1382.3	3.8254e-06	0	4e-06	0
1392.3	3.8226e-06	0	4e-06	0
1402.3	3.8268e-06	0	4e-06	0
1412.3	3.8575e-06	0	4e-06	0
1422.3	3.8303e-06	0	4e-06	0
1432.3	3.8393e-06	0	4e-06	0
1442.3	3.8373e-06	0	4e-06	0
1452.3	3.8575e-06	0	4e-06	0
1462.3	3.8512e-06	0	4e-06	0
1472.3	3.8777e-06	0	4e-06	0
1482.3	3.8777e-06	0	4e-06	0
1492.3	3.8498e-06	0	4e-06	0
1502.3	3.8624e-06	0	4e-06	0
1512.3	3.8575e-06	0	4e-06	0
1522.3	3.8861e-06	0	4e-06	0
1532.3	3.9e-06	0	4e-06	0
