Time (s)	[F-actin] M	[G-act]	[F204Y]	[G-act] (t)
15.04	4.20495E-10	0.000002	0.00000001	1.99958E-06
25.02	0	0.000002	0.00000001	0.000002
35.01	2.75302E-09	0.000002	0.00000001	1.99725E-06
45.02	9.23566E-09	0.000002	0.00000001	1.99076E-06
55.02	3.33806E-09	0.000002	0.00000001	1.99666E-06
65.01	6.43845E-09	0.000002	0.00000001	1.99356E-06
75.01	7.25202E-10	0.000002	0.00000001	1.99927E-06
85.01	2.20455E-09	0.000002	0.00000001	1.9978E-06
95.02	3.00441E-09	0.000002	0.00000001	1.997E-06
105.01	5.23791E-09	0.000002	0.00000001	1.99476E-06
115.03	7.80963E-09	0.000002	0.00000001	1.99219E-06
125.01	8.86087E-09	0.000002	0.00000001	1.99114E-06
135.01	1.55644E-08	0.000002	0.00000001	1.98444E-06
145.02	1.63003E-08	0.000002	0.00000001	1.9837E-06
155.02	1.51576E-08	0.000002	0.00000001	1.98484E-06
165.02	2.32354E-08	0.000002	0.00000001	1.97676E-06
175.01	2.71387E-08	0.000002	0.00000001	1.97286E-06
185.02	3.28276E-08	0.000002	0.00000001	1.96717E-06
195.01	3.42018E-08	0.000002	0.00000001	1.9658E-06
205.02	4.00506E-08	0.000002	0.00000001	1.95995E-06
215.01	4.21836E-08	0.000002	0.00000001	1.95782E-06
225.02	4.70604E-08	0.000002	0.00000001	1.95294E-06
235.01	5.69192E-08	0.000002	0.00000001	1.94308E-06
245.02	6.40935E-08	0.000002	0.00000001	1.93591E-06
255.02	6.28061E-08	0.000002	0.00000001	1.93719E-06
265.02	7.35044E-08	0.000002	0.00000001	1.9265E-06
275.02	7.46729E-08	0.000002	0.00000001	1.92533E-06
285.02	8.32916E-08	0.000002	0.00000001	1.91671E-06
295.01	9.01444E-08	0.000002	0.00000001	1.90986E-06
305.01	1.00448E-07	0.000002	0.00000001	1.89955E-06
315.02	1.04653E-07	0.000002	0.00000001	1.89535E-06
325.02	1.1171E-07	0.000002	0.00000001	1.88829E-06
335.02	1.20033E-07	0.000002	0.00000001	1.87997E-06
345.01	1.30564E-07	0.000002	0.00000001	1.86944E-06
355.02	1.36944E-07	0.000002	0.00000001	1.86306E-06
365.01	1.47298E-07	0.000002	0.00000001	1.8527E-06
375.01	1.53982E-07	0.000002	0.00000001	1.84602E-06
385.02	1.62553E-07	0.000002	0.00000001	1.83745E-06
395.01	1.71801E-07	0.000002	0.00000001	1.8282E-06
405.02	1.77994E-07	0.000002	0.00000001	1.82201E-06
415.02	1.89646E-07	0.000002	0.00000001	1.81035E-06
425.01	1.99438E-07	0.000002	0.00000001	1.80056E-06
435.02	2.0618E-07	0.000002	0.00000001	1.79382E-06
445.02	2.17375E-07	0.000002	0.00000001	1.78263E-06
455.01	2.27208E-07	0.000002	0.00000001	1.77279E-06
465.02	2.35788E-07	0.000002	0.00000001	1.76421E-06
475.01	2.48505E-07	0.000002	0.00000001	1.75149E-06
485.02	2.61176E-07	0.000002	0.00000001	1.73882E-06
495.01	2.68776E-07	0.000002	0.00000001	1.73122E-06
505.02	2.7561E-07	0.000002	0.00000001	1.72439E-06
515.01	2.97109E-07	0.000002	0.00000001	1.70289E-06
525.02	3.03185E-07	0.000002	0.00000001	1.69682E-06
535.01	3.15612E-07	0.000002	0.00000001	1.68439E-06
545.02	3.21738E-07	0.000002	0.00000001	1.67826E-06
555.01	3.31137E-07	0.000002	0.00000001	1.66886E-06
565.01	3.4359E-07	0.000002	0.00000001	1.65641E-06
575.03	3.57549E-07	0.000002	0.00000001	1.64245E-06
585.01	3.7379E-07	0.000002	0.00000001	1.62621E-06
595.01	3.87477E-07	0.000002	0.00000001	1.61252E-06
605.01	4.00052E-07	0.000002	0.00000001	1.59995E-06
615.01	4.10065E-07	0.000002	0.00000001	1.58993E-06
625.02	4.23315E-07	0.000002	0.00000001	1.57668E-06
635.02	4.34068E-07	0.000002	0.00000001	1.56593E-06
645.02	4.40402E-07	0.000002	0.00000001	1.5596E-06
655.02	4.62667E-07	0.000002	0.00000001	1.53733E-06
665.03	4.71863E-07	0.000002	0.00000001	1.52814E-06
675.01	4.80178E-07	0.000002	0.00000001	1.51982E-06
685.02	4.90107E-07	0.000002	0.00000001	1.50989E-06
695.02	5.08315E-07	0.000002	0.00000001	1.49169E-06
705.01	5.18976E-07	0.000002	0.00000001	1.48102E-06
715.02	5.28171E-07	0.000002	0.00000001	1.47183E-06
725.01	5.46325E-07	0.000002	0.00000001	1.45367E-06
735.03	5.61584E-07	0.000002	0.00000001	1.43842E-06
745.02	5.72434E-07	0.000002	0.00000001	1.42757E-06
755.02	5.90973E-07	0.000002	0.00000001	1.40903E-06
765.02	6.00943E-07	0.000002	0.00000001	1.39906E-06
775.01	6.17759E-07	0.000002	0.00000001	1.38224E-06
785.01	6.34509E-07	0.000002	0.00000001	1.36549E-06
795.01	6.42345E-07	0.000002	0.00000001	1.35766E-06
805.01	6.60941E-07	0.000002	0.00000001	1.33906E-06
815.01	6.73351E-07	0.000002	0.00000001	1.32665E-06
825.03	6.81499E-07	0.000002	0.00000001	1.3185E-06
835.02	7.00015E-07	0.000002	0.00000001	1.29999E-06
845.02	7.07791E-07	0.000002	0.00000001	1.29221E-06
855.01	7.30362E-07	0.000002	0.00000001	1.26964E-06
865.01	7.38586E-07	0.000002	0.00000001	1.26141E-06
875.01	7.48701E-07	0.000002	0.00000001	1.2513E-06
885.02	7.68575E-07	0.000002	0.00000001	1.23142E-06
895.02	7.85564E-07	0.000002	0.00000001	1.21444E-06
905.01	8.02881E-07	0.000002	0.00000001	1.19712E-06
915.02	8.19335E-07	0.000002	0.00000001	1.18067E-06
925.01	8.2145E-07	0.000002	0.00000001	1.17855E-06
935.01	8.42368E-07	0.000002	0.00000001	1.15763E-06
945.01	8.47129E-07	0.000002	0.00000001	1.15287E-06
955.01	8.64055E-07	0.000002	0.00000001	1.13594E-06
965.02	8.8159E-07	0.000002	0.00000001	1.11841E-06
975.02	8.93147E-07	0.000002	0.00000001	1.10685E-06
985.02	9.19078E-07	0.000002	0.00000001	1.08092E-06
995.02	9.11792E-07	0.000002	0.00000001	1.08821E-06
1005.01	9.37011E-07	0.000002	0.00000001	1.06299E-06
1015.02	9.43567E-07	0.000002	0.00000001	1.05643E-06
1025.01	9.69839E-07	0.000002	0.00000001	1.03016E-06
1035.02	9.84727E-07	0.000002	0.00000001	1.01527E-06
1045.01	9.87486E-07	0.000002	0.00000001	1.01251E-06
1055.01	1.00656E-06	0.000002	0.00000001	9.93443E-07
1065.02	1.01733E-06	0.000002	0.00000001	9.8267E-07
1075.02	1.0353E-06	0.000002	0.00000001	9.647E-07
1085.01	1.03694E-06	0.000002	0.00000001	9.63056E-07
1095.02	1.06484E-06	0.000002	0.00000001	9.35163E-07
1105.01	1.07834E-06	0.000002	0.00000001	9.21658E-07
1115.01	1.08736E-06	0.000002	0.00000001	9.12639E-07
1125.02	1.1019E-06	0.000002	0.00000001	8.98095E-07
1135.01	1.11193E-06	0.000002	0.00000001	8.88069E-07
1145.02	1.13512E-06	0.000002	0.00000001	8.64879E-07
1155.01	1.14702E-06	0.000002	0.00000001	8.52977E-07
1165.01	1.15514E-06	0.000002	0.00000001	8.44865E-07
1175.02	1.16693E-06	0.000002	0.00000001	8.33074E-07
1185.02	1.1818E-06	0.000002	0.00000001	8.18197E-07
1195	1.18966E-06	0.000002	0.00000001	8.10341E-07
1205.01	1.20952E-06	0.000002	0.00000001	7.90481E-07
1215.01	1.21373E-06	0.000002	0.00000001	7.86268E-07
1225.01	1.23602E-06	0.000002	0.00000001	7.63985E-07
1235.02	1.23554E-06	0.000002	0.00000001	7.6446E-07
1245.01	1.25283E-06	0.000002	0.00000001	7.47168E-07
1255.02	1.27376E-06	0.000002	0.00000001	7.26242E-07
1265.01	1.27683E-06	0.000002	0.00000001	7.23168E-07
1275.01	1.29057E-06	0.000002	0.00000001	7.09435E-07
1285.01	1.29516E-06	0.000002	0.00000001	7.04844E-07
1295.01	1.31282E-06	0.000002	0.00000001	6.87182E-07
1305.02	1.32828E-06	0.000002	0.00000001	6.71723E-07
1315.01	1.34389E-06	0.000002	0.00000001	6.56109E-07
1325.02	1.34973E-06	0.000002	0.00000001	6.5027E-07
1335.02	1.35496E-06	0.000002	0.00000001	6.45043E-07
1345.02	1.3614E-06	0.000002	0.00000001	6.38596E-07
1355.02	1.37633E-06	0.000002	0.00000001	6.23667E-07
1365.01	1.38608E-06	0.000002	0.00000001	6.13921E-07
1375.03	1.39669E-06	0.000002	0.00000001	6.0331E-07
1385.02	1.41775E-06	0.000002	0.00000001	5.82246E-07
1395.01	1.4145E-06	0.000002	0.00000001	5.85495E-07
1405.02	1.44234E-06	0.000002	0.00000001	5.57656E-07
1415.01	1.44256E-06	0.000002	0.00000001	5.57439E-07
1425.01	1.46072E-06	0.000002	0.00000001	5.39282E-07
1435.01	1.45578E-06	0.000002	0.00000001	5.4422E-07
1445.02	1.47891E-06	0.000002	0.00000001	5.21092E-07
1455.01	1.47538E-06	0.000002	0.00000001	5.24618E-07
1465.02	1.50709E-06	0.000002	0.00000001	4.92909E-07
1475.02	1.49026E-06	0.000002	0.00000001	5.09736E-07
1485.02	1.51412E-06	0.000002	0.00000001	4.85884E-07
1495.01	1.52225E-06	0.000002	0.00000001	4.77748E-07
1505.01	1.52786E-06	0.000002	0.00000001	4.72135E-07
1515.01	1.54211E-06	0.000002	0.00000001	4.5789E-07
1525.01	1.53629E-06	0.000002	0.00000001	4.63706E-07
1535.03	1.55965E-06	0.000002	0.00000001	4.40354E-07
1545.01	1.5664E-06	0.000002	0.00000001	4.33602E-07
1555.01	1.57652E-06	0.000002	0.00000001	4.23475E-07
1565.01	1.57605E-06	0.000002	0.00000001	4.2395E-07
1575.02	1.5864E-06	0.000002	0.00000001	4.13598E-07
1585.01	1.59768E-06	0.000002	0.00000001	4.02318E-07
1595.01	1.59578E-06	0.000002	0.00000001	4.04219E-07
1605.01	1.60924E-06	0.000002	0.00000001	3.90756E-07
1615.01	1.61601E-06	0.000002	0.00000001	3.83988E-07
1625.03	1.61513E-06	0.000002	0.00000001	3.8487E-07
1635.01	1.63101E-06	0.000002	0.00000001	3.68987E-07
1645.02	1.6348E-06	0.000002	0.00000001	3.65195E-07
1655.01	1.64199E-06	0.000002	0.00000001	3.58013E-07
1665.01	1.6517E-06	0.000002	0.00000001	3.48302E-07
1675.02	1.65954E-06	0.000002	0.00000001	3.40456E-07
1685.01	1.6642E-06	0.000002	0.00000001	3.35803E-07
1695.02	1.67057E-06	0.000002	0.00000001	3.29426E-07
1705.02	1.66691E-06	0.000002	0.00000001	3.33095E-07
1715.02	1.69358E-06	0.000002	0.00000001	3.06419E-07
1725.01	1.68866E-06	0.000002	0.00000001	3.11345E-07
1735.02	1.70196E-06	0.000002	0.00000001	2.98036E-07
1745.02	1.69946E-06	0.000002	0.00000001	3.00535E-07
1755.01	1.70078E-06	0.000002	0.00000001	2.99216E-07
1765.01	1.70524E-06	0.000002	0.00000001	2.94756E-07
1775.01	1.72657E-06	0.000002	0.00000001	2.7343E-07
1785.02	1.71571E-06	0.000002	0.00000001	2.84287E-07
1795.01	1.72682E-06	0.000002	0.00000001	2.73185E-07
1805.01	1.72589E-06	0.000002	0.00000001	2.74114E-07
1815.02	1.73478E-06	0.000002	0.00000001	2.65217E-07
1825.01	1.74387E-06	0.000002	0.00000001	2.56132E-07
1835.01	1.74775E-06	0.000002	0.00000001	2.52245E-07
1845.02	1.75132E-06	0.000002	0.00000001	2.48683E-07
1855	1.75903E-06	0.000002	0.00000001	2.40966E-07
1865.02	1.75932E-06	0.000002	0.00000001	2.40679E-07
1875.02	1.75635E-06	0.000002	0.00000001	2.43654E-07
1885.02	1.77066E-06	0.000002	0.00000001	2.29339E-07
1895.02	1.77974E-06	0.000002	0.00000001	2.20256E-07
1905.01	1.77076E-06	0.000002	0.00000001	2.29237E-07
1915.02	1.78267E-06	0.000002	0.00000001	2.17326E-07
1925	1.78599E-06	0.000002	0.00000001	2.14009E-07
1935.02	1.7853E-06	0.000002	0.00000001	2.14701E-07
1945.02	1.78243E-06	0.000002	0.00000001	2.17573E-07
1955.01	1.79892E-06	0.000002	0.00000001	2.0108E-07
1965.02	1.79911E-06	0.000002	0.00000001	2.00885E-07
1975.01	1.7952E-06	0.000002	0.00000001	2.04801E-07
1985.01	1.80493E-06	0.000002	0.00000001	1.95067E-07
1995.01	1.80298E-06	0.000002	0.00000001	1.97023E-07
2005.01	1.81574E-06	0.000002	0.00000001	1.84256E-07
2015.02	1.81593E-06	0.000002	0.00000001	1.8407E-07
2025.01	1.81601E-06	0.000002	0.00000001	1.83991E-07
2035.01	1.83097E-06	0.000002	0.00000001	1.69027E-07
2045.01	1.82244E-06	0.000002	0.00000001	1.77555E-07
2055.01	1.81807E-06	0.000002	0.00000001	1.81926E-07
2065.01	1.8268E-06	0.000002	0.00000001	1.73201E-07
2075.01	1.8371E-06	0.000002	0.00000001	1.62898E-07
2085.02	1.82302E-06	0.000002	0.00000001	1.76984E-07
2095.01	1.83736E-06	0.000002	0.00000001	1.62637E-07
2105.01	1.84239E-06	0.000002	0.00000001	1.57611E-07
2115.02	1.8386E-06	0.000002	0.00000001	1.61398E-07
2125.02	1.8309E-06	0.000002	0.00000001	1.69098E-07
2135.01	1.85141E-06	0.000002	0.00000001	1.48585E-07
2145.01	1.8481E-06	0.000002	0.00000001	1.51902E-07
2155.02	1.83852E-06	0.000002	0.00000001	1.61479E-07
2165.01	1.85275E-06	0.000002	0.00000001	1.47246E-07
2175.01	1.84378E-06	0.000002	0.00000001	1.56224E-07
2185.02	1.84872E-06	0.000002	0.00000001	1.51281E-07
2195.03	1.85599E-06	0.000002	0.00000001	1.44015E-07
2205.02	1.86281E-06	0.000002	0.00000001	1.37189E-07
2215.02	1.85233E-06	0.000002	0.00000001	1.47667E-07
2225.02	1.87027E-06	0.000002	0.00000001	1.29729E-07
2235.01	1.86628E-06	0.000002	0.00000001	1.33725E-07
2245.01	1.85301E-06	0.000002	0.00000001	1.46986E-07
2255.02	1.86724E-06	0.000002	0.00000001	1.32762E-07
2265.02	1.86853E-06	0.000002	0.00000001	1.31469E-07
2275.01	1.87511E-06	0.000002	0.00000001	1.24893E-07
2285.02	1.86833E-06	0.000002	0.00000001	1.3167E-07
2295.02	1.8819E-06	0.000002	0.00000001	1.18104E-07
2305.02	1.8759E-06	0.000002	0.00000001	1.24101E-07
2315.01	1.8703E-06	0.000002	0.00000001	1.29703E-07
2325.02	1.8832E-06	0.000002	0.00000001	1.16802E-07
2335.02	1.88553E-06	0.000002	0.00000001	1.14467E-07
2345.02	1.88204E-06	0.000002	0.00000001	1.17959E-07
2355.02	1.88872E-06	0.000002	0.00000001	1.11279E-07
2365.05	1.87915E-06	0.000002	0.00000001	1.2085E-07
2375.02	1.88892E-06	0.000002	0.00000001	1.11076E-07
2385.02	1.88414E-06	0.000002	0.00000001	1.15863E-07
2395.02	1.88004E-06	0.000002	0.00000001	1.19958E-07
2405.02	1.88964E-06	0.000002	0.00000001	1.1036E-07
2415.03	1.8727E-06	0.000002	0.00000001	1.27296E-07
2425.02	1.88156E-06	0.000002	0.00000001	1.18441E-07
2435.02	1.8848E-06	0.000002	0.00000001	1.15205E-07
2445.02	1.88771E-06	0.000002	0.00000001	1.12287E-07
2455.01	1.88056E-06	0.000002	0.00000001	1.19437E-07
2465.01	1.88337E-06	0.000002	0.00000001	1.16632E-07
2475.01	1.89461E-06	0.000002	0.00000001	1.05395E-07
2485.02	1.87412E-06	0.000002	0.00000001	1.25877E-07
2495.01	1.88334E-06	0.000002	0.00000001	1.16663E-07
2505.01	1.88409E-06	0.000002	0.00000001	1.15915E-07
2515.02	1.87369E-06	0.000002	0.00000001	1.26307E-07
2525.01	1.88189E-06	0.000002	0.00000001	1.18107E-07
2535.01	1.8784E-06	0.000002	0.00000001	1.21604E-07
2545.02	0.0000019	0.000002	0.00000001	1E-07
2555.02	1.88593E-06	0.000002	0.00000001	1.1407E-07
2565.03	1.88256E-06	0.000002	0.00000001	1.17435E-07
2575.02	1.87729E-06	0.000002	0.00000001	1.22705E-07
2585.02	1.88836E-06	0.000002	0.00000001	1.11638E-07
2595.01	1.89447E-06	0.000002	0.00000001	1.05535E-07
2605.02	1.88056E-06	0.000002	0.00000001	1.19443E-07
2615.01	1.89829E-06	0.000002	0.00000001	1.01708E-07
2625.02	1.88746E-06	0.000002	0.00000001	1.12545E-07
2635.02	1.88973E-06	0.000002	0.00000001	1.10269E-07
2645.02	1.88769E-06	0.000002	0.00000001	1.1231E-07
2655.02	1.89461E-06	0.000002	0.00000001	1.05389E-07
2665.02	1.89047E-06	0.000002	0.00000001	1.09534E-07
2675.02	1.89037E-06	0.000002	0.00000001	1.09633E-07
2685.02	1.88914E-06	0.000002	0.00000001	1.10858E-07
2695.02	1.89057E-06	0.000002	0.00000001	1.09428E-07
2705.01	1.88822E-06	0.000002	0.00000001	1.11781E-07
2715.02	1.88867E-06	0.000002	0.00000001	1.11329E-07
2725.01	1.89114E-06	0.000002	0.00000001	1.08856E-07
2735.01	1.89502E-06	0.000002	0.00000001	1.04982E-07
2745.03	1.88319E-06	0.000002	0.00000001	1.16806E-07
2755.01	1.89676E-06	0.000002	0.00000001	1.03236E-07
2765.02	1.8896E-06	0.000002	0.00000001	1.10403E-07
