Time (s)	Actin	[G-act]	[A208W]	[G-act] (t)
15.05	3.01854E-09	0.000002	0	1.99698E-06
25.02	2.64E-09	0.000002	0	1.99736E-06
35.02	3.25E-10	0.000002	0	1.99968E-06
45.01	2.20E-09	0.000002	0	1.9978E-06
55.02	0.00E+00	0.000002	0	0.000002
65.01	5.28E-09	0.000002	0	1.99472E-06
75.01	4.23E-09	0.000002	0	1.99577E-06
85.02	5.49E-09	0.000002	0	1.99451E-06
95.01	8.18E-09	0.000002	0	1.99182E-06
105.02	5.05E-09	0.000002	0	1.99495E-06
115.02	5.19E-09	0.000002	0	1.99481E-06
125.02	9.05E-09	0.000002	0	1.99095E-06
135.01	8.70E-09	0.000002	0	1.9913E-06
145.01	9.82E-09	0.000002	0	1.99018E-06
155.02	1.04E-08	0.000002	0	1.98965E-06
165.02	1.17E-08	0.000002	0	1.98828E-06
175.01	1.68E-08	0.000002	0	1.98316E-06
185.02	1.68E-08	0.000002	0	1.98324E-06
195.01	1.54E-08	0.000002	0	1.98465E-06
205.01	1.68E-08	0.000002	0	1.98315E-06
215.01	1.99E-08	0.000002	0	1.98011E-06
225.01	2.53E-08	0.000002	0	1.97474E-06
235.01	2.44E-08	0.000002	0	1.97564E-06
245.01	2.88E-08	0.000002	0	1.97124E-06
255.01	3.10E-08	0.000002	0	1.969E-06
265.01	2.92E-08	0.000002	0	1.97076E-06
275.02	3.34E-08	0.000002	0	1.96656E-06
285.02	3.45E-08	0.000002	0	1.96548E-06
295.01	3.73E-08	0.000002	0	1.96273E-06
305.01	4.25E-08	0.000002	0	1.95745E-06
315.01	4.42E-08	0.000002	0	1.9558E-06
325.02	4.76E-08	0.000002	0	1.95243E-06
335.02	4.86E-08	0.000002	0	1.9514E-06
345.02	5.40E-08	0.000002	0	1.94597E-06
355.01	5.68E-08	0.000002	0	1.94316E-06
365.01	5.97E-08	0.000002	0	1.9403E-06
375.01	5.82E-08	0.000002	0	1.94185E-06
385.02	6.54E-08	0.000002	0	1.93457E-06
395.01	6.90E-08	0.000002	0	1.93096E-06
405.01	7.25E-08	0.000002	0	1.92746E-06
415.01	7.42E-08	0.000002	0	1.92581E-06
425.02	7.61E-08	0.000002	0	1.92391E-06
435.01	8.37E-08	0.000002	0	1.91633E-06
445.02	8.69E-08	0.000002	0	1.91305E-06
455.01	8.97E-08	0.000002	0	1.91033E-06
465.02	9.37E-08	0.000002	0	1.90631E-06
475.01	1.02E-07	0.000002	0	1.89838E-06
485.03	1.05E-07	0.000002	0	1.89484E-06
495.01	1.07E-07	0.000002	0	1.89268E-06
505.02	1.11E-07	0.000002	0	1.88939E-06
515.01	1.13E-07	0.000002	0	1.88684E-06
525.01	1.18E-07	0.000002	0	1.88193E-06
535.02	1.29E-07	0.000002	0	1.87123E-06
545.01	1.30E-07	0.000002	0	1.87028E-06
555.01	1.33E-07	0.000002	0	1.86747E-06
565.01	1.33E-07	0.000002	0	1.86681E-06
575.02	1.39E-07	0.000002	0	1.86138E-06
585.01	1.45E-07	0.000002	0	1.855E-06
595.02	1.48E-07	0.000002	0	1.8515E-06
605.01	1.53E-07	0.000002	0	1.84744E-06
615.02	1.61E-07	0.000002	0	1.8391E-06
625.01	1.62E-07	0.000002	0	1.83823E-06
635.01	1.69E-07	0.000002	0	1.83099E-06
645.02	1.72E-07	0.000002	0	1.82759E-06
655.02	1.79E-07	0.000002	0	1.82058E-06
665.02	1.84E-07	0.000002	0	1.81619E-06
675.01	1.92E-07	0.000002	0	1.8085E-06
685.01	1.95E-07	0.000002	0	1.80467E-06
695.02	1.98E-07	0.000002	0	1.80196E-06
705.02	2.05E-07	0.000002	0	1.79535E-06
715.01	2.14E-07	0.000002	0	1.78563E-06
725.02	2.16E-07	0.000002	0	1.78388E-06
735.01	2.18E-07	0.000002	0	1.78194E-06
745.02	2.25E-07	0.000002	0	1.77537E-06
755.02	2.36E-07	0.000002	0	1.76421E-06
765.02	2.37E-07	0.000002	0	1.76305E-06
775.01	2.44E-07	0.000002	0	1.75573E-06
785.01	2.51E-07	0.000002	0	1.74933E-06
795.02	2.48E-07	0.000002	0	1.7517E-06
805.01	2.56E-07	0.000002	0	1.74381E-06
815.01	2.61E-07	0.000002	0	1.7386E-06
825.02	2.68E-07	0.000002	0	1.73218E-06
835.01	2.68E-07	0.000002	0	1.73166E-06
845.02	2.74E-07	0.000002	0	1.72624E-06
855.02	2.88E-07	0.000002	0	1.71223E-06
865.01	2.86E-07	0.000002	0	1.71359E-06
875.01	2.96E-07	0.000002	0	1.70351E-06
885.02	2.94E-07	0.000002	0	1.7055E-06
895.01	3.05E-07	0.000002	0	1.69478E-06
905.02	3.15E-07	0.000002	0	1.68532E-06
915.02	3.24E-07	0.000002	0	1.67619E-06
925.01	3.22E-07	0.000002	0	1.67762E-06
935.02	3.23E-07	0.000002	0	1.67692E-06
945.01	3.35E-07	0.000002	0	1.66462E-06
955.01	3.44E-07	0.000002	0	1.65622E-06
965.02	3.52E-07	0.000002	0	1.64752E-06
975.02	3.57E-07	0.000002	0	1.64279E-06
985.02	3.60E-07	0.000002	0	1.6399E-06
995.01	3.64E-07	0.000002	0	1.63619E-06
1005.02	3.69E-07	0.000002	0	1.63135E-06
1015.01	3.75E-07	0.000002	0	1.6252E-06
1025.01	3.80E-07	0.000002	0	1.61961E-06
1035.01	3.88E-07	0.000002	0	1.61174E-06
1045.02	3.97E-07	0.000002	0	1.60302E-06
1055.02	4.03E-07	0.000002	0	1.59712E-06
1065.02	4.03E-07	0.000002	0	1.59702E-06
1075.01	4.12E-07	0.000002	0	1.5881E-06
1085.01	4.20E-07	0.000002	0	1.58049E-06
1095.01	4.25E-07	0.000002	0	1.57479E-06
1105.03	4.31E-07	0.000002	0	1.56918E-06
1115.01	4.34E-07	0.000002	0	1.56569E-06
1125.01	4.38E-07	0.000002	0	1.56211E-06
1135.02	4.39E-07	0.000002	0	1.56073E-06
1145.02	4.55E-07	0.000002	0	1.54527E-06
1155.01	4.56E-07	0.000002	0	1.54388E-06
1165.01	4.62E-07	0.000002	0	1.53792E-06
1175.02	4.67E-07	0.000002	0	1.53252E-06
1185.02	4.78E-07	0.000002	0	1.52219E-06
1195.02	4.80E-07	0.000002	0	1.5201E-06
1205.01	4.87E-07	0.000002	0	1.51315E-06
1215.01	4.98E-07	0.000002	0	1.50165E-06
1225.01	5.03E-07	0.000002	0	1.49675E-06
1235.02	5.11E-07	0.000002	0	1.4891E-06
1245.01	5.08E-07	0.000002	0	1.49207E-06
1255.02	5.18E-07	0.000002	0	1.48197E-06
1265.01	5.17E-07	0.000002	0	1.48302E-06
1275.02	5.32E-07	0.000002	0	1.46814E-06
1285.01	5.33E-07	0.000002	0	1.4672E-06
1295.01	5.41E-07	0.000002	0	1.4592E-06
1305.01	5.50E-07	0.000002	0	1.45047E-06
1315.01	5.56E-07	0.000002	0	1.44426E-06
1325.01	5.56E-07	0.000002	0	1.44416E-06
1335.01	5.60E-07	0.000002	0	1.43963E-06
1345.01	5.71E-07	0.000002	0	1.42898E-06
1355.01	5.74E-07	0.000002	0	1.4265E-06
1365.01	5.88E-07	0.000002	0	1.41182E-06
1375.01	5.89E-07	0.000002	0	1.41126E-06
1385.02	5.93E-07	0.000002	0	1.40706E-06
1395.02	6.00E-07	0.000002	0	1.39998E-06
1405.02	6.06E-07	0.000002	0	1.39379E-06
1415.01	6.17E-07	0.000002	0	1.38303E-06
1425.03	6.20E-07	0.000002	0	1.38029E-06
1435.02	6.23E-07	0.000002	0	1.37694E-06
1445.01	6.30E-07	0.000002	0	1.37039E-06
1455.02	6.31E-07	0.000002	0	1.36888E-06
1465.02	6.37E-07	0.000002	0	1.36294E-06
1475.01	6.43E-07	0.000002	0	1.35725E-06
1485.02	6.51E-07	0.000002	0	1.34885E-06
1495.02	6.57E-07	0.000002	0	1.34276E-06
1505.01	6.70E-07	0.000002	0	1.32952E-06
1515.02	6.70E-07	0.000002	0	1.33036E-06
1525.01	6.73E-07	0.000002	0	1.32677E-06
1535.02	6.85E-07	0.000002	0	1.31505E-06
1545.01	6.84E-07	0.000002	0	1.31638E-06
1555.01	6.87E-07	0.000002	0	1.31294E-06
1565.02	7.00E-07	0.000002	0	1.30016E-06
1575.02	7.03E-07	0.000002	0	1.29717E-06
1585.01	7.15E-07	0.000002	0	1.28507E-06
1595.02	7.15E-07	0.000002	0	1.28486E-06
1605.01	7.23E-07	0.000002	0	1.27744E-06
1615.02	7.20E-07	0.000002	0	1.27964E-06
1625.01	7.37E-07	0.000002	0	1.26332E-06
1635.02	7.36E-07	0.000002	0	1.2637E-06
1645.02	7.46E-07	0.000002	0	1.25427E-06
1655.01	7.53E-07	0.000002	0	1.24651E-06
1665.01	7.58E-07	0.000002	0	1.2419E-06
1675.03	7.63E-07	0.000002	0	1.23745E-06
1685.01	7.69E-07	0.000002	0	1.2314E-06
1695.02	7.80E-07	0.000002	0	1.21989E-06
1705.02	7.77E-07	0.000002	0	1.22263E-06
1715.02	7.91E-07	0.000002	0	1.20898E-06
1725.01	7.89E-07	0.000002	0	1.21127E-06
1735.01	7.99E-07	0.000002	0	1.2015E-06
1745	7.99E-07	0.000002	0	1.20065E-06
1755.01	8.01E-07	0.000002	0	1.19932E-06
1765.02	8.08E-07	0.000002	0	1.19162E-06
1775.02	8.17E-07	0.000002	0	1.18312E-06
1785.01	8.22E-07	0.000002	0	1.17837E-06
1795.02	8.29E-07	0.000002	0	1.17062E-06
1805.01	8.30E-07	0.000002	0	1.17016E-06
1815.01	8.35E-07	0.000002	0	1.16477E-06
1825.01	8.35E-07	0.000002	0	1.16517E-06
1835.01	8.52E-07	0.000002	0	1.14772E-06
1845.01	8.52E-07	0.000002	0	1.14785E-06
1855.01	8.66E-07	0.000002	0	1.13411E-06
1865.02	8.61E-07	0.000002	0	1.13894E-06
1875.02	8.64E-07	0.000002	0	1.13643E-06
1885.01	8.76E-07	0.000002	0	1.12382E-06
1895.01	8.72E-07	0.000002	0	1.1275E-06
1905.02	8.77E-07	0.000002	0	1.12317E-06
1915.02	8.86E-07	0.000002	0	1.1138E-06
1925.01	8.94E-07	0.000002	0	1.10582E-06
1935.01	8.93E-07	0.000002	0	1.1074E-06
1945.01	9.06E-07	0.000002	0	1.09361E-06
1955.01	9.04E-07	0.000002	0	1.09647E-06
1965.02	9.14E-07	0.000002	0	1.08588E-06
1975.02	9.30E-07	0.000002	0	1.07047E-06
1985.01	9.24E-07	0.000002	0	1.07637E-06
1995.02	9.26E-07	0.000002	0	1.07392E-06
2005.01	9.38E-07	0.000002	0	1.06232E-06
2015.01	9.36E-07	0.000002	0	1.06363E-06
2025.02	9.49E-07	0.000002	0	1.05093E-06
2035.02	9.49E-07	0.000002	0	1.0505E-06
2045.01	9.53E-07	0.000002	0	1.04726E-06
2055.01	9.56E-07	0.000002	0	1.04417E-06
2065.02	9.67E-07	0.000002	0	1.03251E-06
2075.01	9.69E-07	0.000002	0	1.03089E-06
2085.01	9.62E-07	0.000002	0	1.03773E-06
2095.02	9.78E-07	0.000002	0	1.02249E-06
2105.01	9.84E-07	0.000002	0	1.01637E-06
2115.02	9.80E-07	0.000002	0	1.0205E-06
2125.02	9.91E-07	0.000002	0	1.0089E-06
2135.02	9.96E-07	0.000002	0	1.00437E-06
2145.02	1.01E-06	0.000002	0	9.91308E-07
2155.01	1.01E-06	0.000002	0	9.93114E-07
2165.02	1.01E-06	0.000002	0	9.90544E-07
2175.01	1.02E-06	0.000002	0	9.84207E-07
2185.01	1.02E-06	0.000002	0	9.79779E-07
2195.01	1.03E-06	0.000002	0	9.66467E-07
2205.02	1.03E-06	0.000002	0	9.67175E-07
2215.02	1.02E-06	0.000002	0	9.75729E-07
2225.02	1.04E-06	0.000002	0	9.60065E-07
2235.01	1.04E-06	0.000002	0	9.58181E-07
2245.02	1.04E-06	0.000002	0	9.56624E-07
2255.01	1.06E-06	0.000002	0	9.44168E-07
2265.02	1.05E-06	0.000002	0	9.45822E-07
2275.02	1.06E-06	0.000002	0	9.39199E-07
2285.01	1.07E-06	0.000002	0	9.26662E-07
2295.01	1.07E-06	0.000002	0	9.31808E-07
2305.01	1.07E-06	0.000002	0	9.26182E-07
2315.02	1.08E-06	0.000002	0	9.20779E-07
2325.01	1.08E-06	0.000002	0	9.2147E-07
2335.01	1.09E-06	0.000002	0	9.12757E-07
2345.01	1.10E-06	0.000002	0	8.99901E-07
2355.02	1.10E-06	0.000002	0	9.02053E-07
2365.01	1.09E-06	0.000002	0	9.10739E-07
2375.01	1.11E-06	0.000002	0	8.92364E-07
2385.02	1.10E-06	0.000002	0	8.9648E-07
2395.01	1.11E-06	0.000002	0	8.89806E-07
2405.02	1.12E-06	0.000002	0	8.84558E-07
2415.02	1.12E-06	0.000002	0	8.78803E-07
2425.02	1.13E-06	0.000002	0	8.7392E-07
2435.01	1.13E-06	0.000002	0	8.741E-07
2445.01	1.14E-06	0.000002	0	8.62655E-07
2455.01	1.15E-06	0.000002	0	8.45267E-07
2465.01	1.15E-06	0.000002	0	8.51017E-07
2475.02	1.15E-06	0.000002	0	8.54759E-07
2485.02	1.15E-06	0.000002	0	8.51894E-07
2495.01	1.15E-06	0.000002	0	8.4654E-07
2505.01	1.16E-06	0.000002	0	8.39634E-07
2515.01	1.17E-06	0.000002	0	8.31165E-07
2525.01	1.17E-06	0.000002	0	8.32437E-07
2535.01	1.17E-06	0.000002	0	8.29156E-07
2545.02	1.18E-06	0.000002	0	8.20773E-07
2555.02	1.17E-06	0.000002	0	8.28083E-07
2565.01	1.18E-06	0.000002	0	8.16656E-07
2575.02	1.18E-06	0.000002	0	8.15476E-07
2585.01	1.18E-06	0.000002	0	8.17155E-07
2595.01	1.20E-06	0.000002	0	8.01464E-07
2605.02	1.19E-06	0.000002	0	8.1093E-07
2615.01	1.20E-06	0.000002	0	8.0077E-07
2625.01	1.21E-06	0.000002	0	7.86682E-07
2635.01	1.21E-06	0.000002	0	7.88455E-07
2645.02	1.22E-06	0.000002	0	7.84067E-07
2655.02	1.22E-06	0.000002	0	7.80366E-07
2665.02	1.22E-06	0.000002	0	7.83452E-07
2675.02	1.22E-06	0.000002	0	7.77462E-07
2685	1.23E-06	0.000002	0	7.72301E-07
2695.02	1.24E-06	0.000002	0	7.64748E-07
2705.02	1.24E-06	0.000002	0	7.61309E-07
2715.02	1.23E-06	0.000002	0	7.66037E-07
2725.01	1.24E-06	0.000002	0	7.60358E-07
2735.01	1.24E-06	0.000002	0	7.59316E-07
2745.01	1.25E-06	0.000002	0	7.45887E-07
2755.01	1.25E-06	0.000002	0	7.53394E-07
2765.01	1.26E-06	0.000002	0	7.43224E-07
2775.01	1.26E-06	0.000002	0	7.43817E-07
2785.02	1.26E-06	0.000002	0	7.39064E-07
2795.01	1.27E-06	0.000002	0	7.28303E-07
2805.01	1.27E-06	0.000002	0	7.27231E-07
2815.02	1.27E-06	0.000002	0	7.28209E-07
2825.02	1.28E-06	0.000002	0	7.24614E-07
2835.01	1.29E-06	0.000002	0	7.13246E-07
2845.02	1.29E-06	0.000002	0	7.07857E-07
2855.02	1.29E-06	0.000002	0	7.12535E-07
2865.02	1.30E-06	0.000002	0	7.0346E-07
2875.02	1.29E-06	0.000002	0	7.05657E-07
2885	1.31E-06	0.000002	0	6.88462E-07
2895.02	1.31E-06	0.000002	0	6.8819E-07
2905.02	1.32E-06	0.000002	0	6.82859E-07
2915.02	1.31E-06	0.000002	0	6.86319E-07
2925.01	1.31E-06	0.000002	0	6.89949E-07
2935.01	1.32E-06	0.000002	0	6.82522E-07
2945.02	1.32E-06	0.000002	0	6.81754E-07
2955	1.32E-06	0.000002	0	6.8421E-07
2965.01	1.33E-06	0.000002	0	6.7451E-07
2975.01	1.32E-06	0.000002	0	6.76342E-07
2985.01	1.33E-06	0.000002	0	6.67245E-07
2995.01	1.33E-06	0.000002	0	6.67819E-07
3005	1.34E-06	0.000002	0	6.61703E-07
3015.02	1.34E-06	0.000002	0	6.60133E-07
3025.01	1.35E-06	0.000002	0	6.49812E-07
3035.01	1.35E-06	0.000002	0	6.52436E-07
3045.01	1.35E-06	0.000002	0	6.47286E-07
3055.02	1.36E-06	0.000002	0	6.423E-07
3065.02	1.35E-06	0.000002	0	6.46481E-07
3075.02	1.37E-06	0.000002	0	6.33724E-07
3085.01	1.37E-06	0.000002	0	6.34955E-07
3095.02	1.37E-06	0.000002	0	6.28198E-07
3105.02	1.36E-06	0.000002	0	6.35261E-07
3115.02	1.37E-06	0.000002	0	6.34292E-07
3125.01	1.38E-06	0.000002	0	6.16554E-07
3135.01	1.38E-06	0.000002	0	6.18183E-07
3145.02	1.38E-06	0.000002	0	6.1509E-07
3155.02	1.38E-06	0.000002	0	6.23206E-07
3165.01	1.38E-06	0.000002	0	6.15686E-07
3175.01	1.39E-06	0.000002	0	6.06522E-07
3185.02	1.40E-06	0.000002	0	6.01012E-07
3195.02	1.40E-06	0.000002	0	6.02835E-07
3205.01	1.40E-06	0.000002	0	6.0259E-07
3215.02	1.40E-06	0.000002	0	5.96556E-07
3225.02	1.40E-06	0.000002	0	6.02477E-07
3235.02	1.40E-06	0.000002	0	5.95697E-07
3245.01	1.41E-06	0.000002	0	5.85634E-07
3255.01	1.42E-06	0.000002	0	5.82268E-07
3265.01	1.42E-06	0.000002	0	5.81482E-07
3275.02	1.41E-06	0.000002	0	5.86177E-07
3285.02	1.43E-06	0.000002	0	5.67324E-07
3295.02	1.43E-06	0.000002	0	5.72631E-07
3305.01	1.43E-06	0.000002	0	5.69339E-07
3315.02	1.42E-06	0.000002	0	5.78153E-07
3325.01	1.44E-06	0.000002	0	5.64855E-07
3335.02	1.44E-06	0.000002	0	5.6431E-07
3345.01	1.44E-06	0.000002	0	5.5966E-07
3355.01	1.44E-06	0.000002	0	5.58242E-07
3365.01	1.45E-06	0.000002	0	5.465E-07
3375.01	1.45E-06	0.000002	0	5.53585E-07
3385.02	1.46E-06	0.000002	0	5.43236E-07
3395.02	1.46E-06	0.000002	0	5.43811E-07
3405.01	1.46E-06	0.000002	0	5.37401E-07
3415.02	1.46E-06	0.000002	0	5.42715E-07
3425.02	1.46E-06	0.000002	0	5.39924E-07
3435.02	1.46E-06	0.000002	0	5.38398E-07
3445.02	1.46E-06	0.000002	0	5.37042E-07
3455.02	1.47E-06	0.000002	0	5.27884E-07
3465.02	1.47E-06	0.000002	0	5.28001E-07
3475.02	1.47E-06	0.000002	0	5.29623E-07
3485.02	1.48E-06	0.000002	0	5.21366E-07
3495.01	1.47E-06	0.000002	0	5.3196E-07
3505.01	1.48E-06	0.000002	0	5.21369E-07
3515.02	1.48E-06	0.000002	0	5.19565E-07
3525.02	1.49E-06	0.000002	0	5.06312E-07
3535.02	1.49E-06	0.000002	0	5.10742E-07
3545.01	1.48E-06	0.000002	0	5.16237E-07
3555	1.48E-06	0.000002	0	5.16697E-07
3565.01	1.50E-06	0.000002	0	4.97572E-07
3575.02	1.50E-06	0.000002	0	5.02432E-07
3585.01	1.51E-06	0.000002	0	4.91025E-07
3595.02	1.50E-06	0.000002	0	4.97166E-07
3605.02	1.51E-06	0.000002	0	4.94441E-07
3615.01	1.51E-06	0.000002	0	4.90489E-07
3625.02	1.51E-06	0.000002	0	4.88951E-07
3635.02	1.51E-06	0.000002	0	4.90907E-07
3645.01	1.52E-06	0.000002	0	4.80561E-07
3655.02	1.51E-06	0.000002	0	4.85238E-07
3665.01	1.51E-06	0.000002	0	4.87572E-07
3675.02	1.52E-06	0.000002	0	4.81777E-07
3685.01	1.53E-06	0.000002	0	4.74502E-07
3695.01	1.52E-06	0.000002	0	4.84221E-07
3705.02	1.53E-06	0.000002	0	4.69992E-07
3715	1.52E-06	0.000002	0	4.76425E-07
3725.02	1.53E-06	0.000002	0	4.73187E-07
3735.01	1.53E-06	0.000002	0	4.70853E-07
3745.01	1.54E-06	0.000002	0	4.60217E-07
3755.02	1.55E-06	0.000002	0	4.51885E-07
3765.02	1.55E-06	0.000002	0	4.54112E-07
3775.01	1.54E-06	0.000002	0	4.57473E-07
3785.01	1.54E-06	0.000002	0	4.57801E-07
3795.02	1.55E-06	0.000002	0	4.50921E-07
3805.02	1.55E-06	0.000002	0	4.50609E-07
3815.01	1.56E-06	0.000002	0	4.42587E-07
3825.01	1.55E-06	0.000002	0	4.46641E-07
3835.02	1.56E-06	0.000002	0	4.35441E-07
3845.02	1.56E-06	0.000002	0	4.43303E-07
3855.01	1.56E-06	0.000002	0	4.37808E-07
3865.02	1.56E-06	0.000002	0	4.35207E-07
3875.01	1.57E-06	0.000002	0	4.30249E-07
3885.02	1.56E-06	0.000002	0	4.44011E-07
3895.02	1.57E-06	0.000002	0	4.34556E-07
3905.02	1.58E-06	0.000002	0	4.20687E-07
3915.01	1.57E-06	0.000002	0	4.33525E-07
3925.01	1.56E-06	0.000002	0	4.38854E-07
3935.01	1.58E-06	0.000002	0	4.17426E-07
3945.01	1.59E-06	0.000002	0	4.09737E-07
3955.02	1.58E-06	0.000002	0	4.22327E-07
3965.02	1.58E-06	0.000002	0	4.16869E-07
3975.01	1.59E-06	0.000002	0	4.08495E-07
3985.02	1.60E-06	0.000002	0	4.0246E-07
3995.01	1.60E-06	0.000002	0	3.95853E-07
4005.02	1.59E-06	0.000002	0	4.0613E-07
4015.02	1.60E-06	0.000002	0	3.99984E-07
4025.01	1.60E-06	0.000002	0	4.03051E-07
4035.02	1.59E-06	0.000002	0	4.05978E-07
4045.02	1.59E-06	0.000002	0	4.07371E-07
4055.02	1.61E-06	0.000002	0	3.89856E-07
4065.02	1.60E-06	0.000002	0	3.99065E-07
4075.01	1.61E-06	0.000002	0	3.87514E-07
4085.01	1.61E-06	0.000002	0	3.90544E-07
4095.01	1.60E-06	0.000002	0	3.99292E-07
4105.02	1.61E-06	0.000002	0	3.8719E-07
4115.02	1.61E-06	0.000002	0	3.89312E-07
4125.02	1.61E-06	0.000002	0	3.90187E-07
4135.02	1.62E-06	0.000002	0	3.82614E-07
4145.01	1.63E-06	0.000002	0	3.72498E-07
4155.02	1.62E-06	0.000002	0	3.79734E-07
4165.01	1.62E-06	0.000002	0	3.83229E-07
4175.02	1.64E-06	0.000002	0	3.63371E-07
4185.01	1.63E-06	0.000002	0	3.70636E-07
4195.01	1.63E-06	0.000002	0	3.66704E-07
4205.02	1.64E-06	0.000002	0	3.63546E-07
4215.02	1.64E-06	0.000002	0	3.63801E-07
4225.01	1.63E-06	0.000002	0	3.72162E-07
4235	1.64E-06	0.000002	0	3.56303E-07
4245.02	1.63E-06	0.000002	0	3.7283E-07
4255.01	1.63E-06	0.000002	0	3.66332E-07
4265.02	1.64E-06	0.000002	0	3.59337E-07
4275.02	1.65E-06	0.000002	0	3.53883E-07
4285.02	1.65E-06	0.000002	0	3.4903E-07
4295.02	1.65E-06	0.000002	0	3.4991E-07
4305.02	1.64E-06	0.000002	0	3.59802E-07
4315.02	1.66E-06	0.000002	0	3.37893E-07
4325.01	1.65E-06	0.000002	0	3.51247E-07
4335.02	1.66E-06	0.000002	0	3.42438E-07
4345.02	1.66E-06	0.000002	0	3.41399E-07
4355.02	1.66E-06	0.000002	0	3.41343E-07
4365.02	1.67E-06	0.000002	0	3.32022E-07
4375.01	1.66E-06	0.000002	0	3.39898E-07
4385.01	1.66E-06	0.000002	0	3.35044E-07
4395	1.66E-06	0.000002	0	3.42455E-07
4405.01	1.65E-06	0.000002	0	3.48894E-07
4415.01	1.67E-06	0.000002	0	3.32013E-07
4425.02	1.68E-06	0.000002	0	3.23605E-07
4435.01	1.67E-06	0.000002	0	3.32483E-07
4445.02	1.68E-06	0.000002	0	3.1711E-07
4455.01	1.67E-06	0.000002	0	3.25637E-07
4465.02	1.69E-06	0.000002	0	3.10801E-07
4475.02	1.68E-06	0.000002	0	3.2297E-07
4485.01	1.67E-06	0.000002	0	3.26995E-07
4495.01	1.68E-06	0.000002	0	3.17152E-07
4505.02	1.67E-06	0.000002	0	3.26207E-07
4515.02	1.67E-06	0.000002	0	3.29842E-07
4525.01	1.68E-06	0.000002	0	3.24509E-07
4535.01	1.69E-06	0.000002	0	3.14001E-07
4545.01	1.69E-06	0.000002	0	3.09205E-07
4555.02	1.69E-06	0.000002	0	3.09226E-07
4565.01	1.68E-06	0.000002	0	3.22336E-07
4575.01	1.69E-06	0.000002	0	3.07107E-07
4585.02	1.68E-06	0.000002	0	3.15282E-07
4595.02	1.70E-06	0.000002	0	3.04883E-07
4605.01	1.70E-06	0.000002	0	2.97342E-07
4615.01	1.69E-06	0.000002	0	3.11223E-07
4625.01	1.70E-06	0.000002	0	3.0356E-07
4635.01	1.70E-06	0.000002	0	2.98137E-07
4645.01	1.70E-06	0.000002	0	2.95604E-07
4655.02	1.70E-06	0.000002	0	3.03491E-07
4665.01	1.71E-06	0.000002	0	2.8993E-07
4675.02	1.71E-06	0.000002	0	2.91471E-07
4685.02	1.71E-06	0.000002	0	2.88761E-07
4695.02	1.70E-06	0.000002	0	2.96786E-07
4705.01	1.72E-06	0.000002	0	2.83097E-07
4715.02	1.72E-06	0.000002	0	2.81935E-07
4725.02	1.71E-06	0.000002	0	2.87288E-07
4735.02	1.71E-06	0.000002	0	2.87896E-07
4745.02	1.72E-06	0.000002	0	2.77768E-07
4755.01	1.71E-06	0.000002	0	2.91741E-07
4765.01	1.72E-06	0.000002	0	2.75934E-07
4775.01	1.70E-06	0.000002	0	2.96977E-07
4785.01	1.72E-06	0.000002	0	2.82438E-07
4795.01	1.72E-06	0.000002	0	2.83516E-07
4805.01	1.73E-06	0.000002	0	2.68967E-07
4815.01	1.72E-06	0.000002	0	2.76381E-07
4825.01	1.73E-06	0.000002	0	2.71391E-07
4835.02	1.73E-06	0.000002	0	2.66888E-07
4845.01	1.74E-06	0.000002	0	2.60629E-07
4855.01	1.73E-06	0.000002	0	2.74869E-07
4865.02	1.72E-06	0.000002	0	2.7655E-07
4875.02	1.73E-06	0.000002	0	2.71547E-07
4885.02	1.73E-06	0.000002	0	2.71294E-07
4895.02	1.74E-06	0.000002	0	2.63698E-07
4905.02	1.73E-06	0.000002	0	2.7335E-07
4915.02	1.74E-06	0.000002	0	2.64694E-07
4925.02	1.74E-06	0.000002	0	2.55436E-07
4935.01	1.74E-06	0.000002	0	2.60919E-07
4945.02	1.74E-06	0.000002	0	2.60071E-07
4955.01	1.75E-06	0.000002	0	2.50623E-07
4965.02	1.75E-06	0.000002	0	2.51008E-07
4975.02	1.75E-06	0.000002	0	2.54537E-07
4985.03	1.75E-06	0.000002	0	2.50104E-07
4995.01	1.74E-06	0.000002	0	2.58242E-07
5005.01	1.76E-06	0.000002	0	2.4094E-07
5015.01	1.76E-06	0.000002	0	2.44174E-07
5025.02	1.75E-06	0.000002	0	2.51809E-07
5035.01	1.75E-06	0.000002	0	2.54616E-07
5045.02	1.74E-06	0.000002	0	2.55219E-07
5055.01	1.75E-06	0.000002	0	2.45643E-07
5065.02	1.75E-06	0.000002	0	2.5184E-07
5075.01	1.76E-06	0.000002	0	2.38915E-07
5085.02	1.76E-06	0.000002	0	2.4184E-07
5095.01	1.76E-06	0.000002	0	2.42121E-07
5105.01	1.77E-06	0.000002	0	2.34205E-07
5115.01	1.76E-06	0.000002	0	2.36508E-07
5125.01	1.77E-06	0.000002	0	2.3467E-07
5135.01	1.77E-06	0.000002	0	2.34546E-07
5145.01	1.77E-06	0.000002	0	2.31752E-07
5155.02	1.75E-06	0.000002	0	2.48668E-07
5165.02	1.76E-06	0.000002	0	2.44123E-07
5175.01	1.77E-06	0.000002	0	2.27237E-07
5185.01	1.77E-06	0.000002	0	2.31072E-07
5195.02	1.77E-06	0.000002	0	2.28797E-07
5205.02	1.77E-06	0.000002	0	2.26735E-07
5215	1.77E-06	0.000002	0	2.3128E-07
5225.01	1.78E-06	0.000002	0	2.17721E-07
5235.01	1.77E-06	0.000002	0	2.28878E-07
5245.02	1.77E-06	0.000002	0	2.28699E-07
5255.02	1.78E-06	0.000002	0	2.22229E-07
5265	1.78E-06	0.000002	0	2.18712E-07
5275.02	1.78E-06	0.000002	0	2.15569E-07
5285.01	1.78E-06	0.000002	0	2.22891E-07
5295.02	1.78E-06	0.000002	0	2.24866E-07
5305.01	1.78E-06	0.000002	0	2.15054E-07
5315.01	1.77E-06	0.000002	0	2.28002E-07
5325.01	1.78E-06	0.000002	0	2.16097E-07
5335.02	1.79E-06	0.000002	0	2.12504E-07
5345.01	1.78E-06	0.000002	0	2.19436E-07
5355.01	1.78E-06	0.000002	0	2.16861E-07
5365.02	1.79E-06	0.000002	0	2.09448E-07
5375	1.78E-06	0.000002	0	2.15608E-07
5385.02	1.79E-06	0.000002	0	2.13894E-07
5395.02	1.79E-06	0.000002	0	2.14569E-07
5405.01	1.79E-06	0.000002	0	2.06621E-07
5415.02	1.78E-06	0.000002	0	2.18375E-07
5425.01	1.79E-06	0.000002	0	2.1159E-07
5435.02	1.80E-06	0.000002	0	2.02023E-07
5445.01	1.79E-06	0.000002	0	2.07857E-07
5455.02	1.79E-06	0.000002	0	2.06355E-07
5465.02	1.79E-06	0.000002	0	2.05931E-07
5475.02	1.79E-06	0.000002	0	2.07501E-07
5485.01	1.80E-06	0.000002	0	2.04362E-07
5495.01	1.80E-06	0.000002	0	2.01562E-07
5505.01	1.80E-06	0.000002	0	2.02533E-07
5515.01	1.80E-06	0.000002	0	1.98432E-07
5525.01	1.80E-06	0.000002	0	2.01784E-07
5535.02	1.79E-06	0.000002	0	2.09422E-07
5545.01	1.80E-06	0.000002	0	1.95055E-07
5555.01	1.80E-06	0.000002	0	1.95391E-07
5565.01	1.80E-06	0.000002	0	2.00106E-07
5575.01	1.80E-06	0.000002	0	2.03278E-07
5585.02	1.80E-06	0.000002	0	1.96822E-07
5595.02	1.81E-06	0.000002	0	1.92871E-07
5605.02	1.80E-06	0.000002	0	1.95981E-07
5615.02	1.82E-06	0.000002	0	1.84671E-07
5625.01	1.81E-06	0.000002	0	1.94441E-07
5635.02	1.81E-06	0.000002	0	1.94564E-07
5645.01	1.81E-06	0.000002	0	1.85488E-07
5655.01	1.81E-06	0.000002	0	1.87092E-07
5665.01	1.80E-06	0.000002	0	1.99789E-07
5675.01	1.81E-06	0.000002	0	1.86209E-07
5685.02	1.81E-06	0.000002	0	1.9152E-07
5695.01	1.82E-06	0.000002	0	1.83743E-07
5705.02	1.82E-06	0.000002	0	1.80901E-07
5715.02	1.80E-06	0.000002	0	1.97772E-07
5725	1.82E-06	0.000002	0	1.79532E-07
5735.02	1.82E-06	0.000002	0	1.80664E-07
5745.02	1.82E-06	0.000002	0	1.7822E-07
5755.02	1.81E-06	0.000002	0	1.86389E-07
5765.01	1.82E-06	0.000002	0	1.77808E-07
5775.01	1.82E-06	0.000002	0	1.84608E-07
5785.03	1.82E-06	0.000002	0	1.80709E-07
5795.01	1.82E-06	0.000002	0	1.78442E-07
5805.01	1.83E-06	0.000002	0	1.70128E-07
5815.01	1.82E-06	0.000002	0	1.79305E-07
5825.02	1.82E-06	0.000002	0	1.79926E-07
5835.02	1.81E-06	0.000002	0	1.88705E-07
5845.01	1.83E-06	0.000002	0	1.66602E-07
5855	1.82E-06	0.000002	0	1.7619E-07
5865.02	1.83E-06	0.000002	0	1.66329E-07
5875.01	1.83E-06	0.000002	0	1.69209E-07
5885.01	1.83E-06	0.000002	0	1.72474E-07
5895.02	1.83E-06	0.000002	0	1.74606E-07
5905.02	1.83E-06	0.000002	0	1.67899E-07
5915.02	1.83E-06	0.000002	0	1.72464E-07
5925	1.83E-06	0.000002	0	1.65509E-07
5935.01	1.82E-06	0.000002	0	1.8239E-07
5945.02	1.84E-06	0.000002	0	1.61052E-07
5955.02	1.84E-06	0.000002	0	1.63012E-07
5965.01	1.82E-06	0.000002	0	1.75463E-07
5975.01	1.84E-06	0.000002	0	1.63329E-07
5985.02	1.83E-06	0.000002	0	1.68444E-07
5995.01	1.83E-06	0.000002	0	1.69683E-07
6005.02	1.83E-06	0.000002	0	1.68176E-07
6015.01	1.83886E-06	0.000002	0	1.61136E-07
6025.02	1.83777E-06	0.000002	0	1.62229E-07
6035.02	1.83539E-06	0.000002	0	1.64607E-07
6045.01	1.83476E-06	0.000002	0	1.65239E-07
6055.01	1.8356E-06	0.000002	0	1.64399E-07
6065.02	1.83857E-06	0.000002	0	1.61433E-07
6075.01	1.83453E-06	0.000002	0	1.65472E-07
6085.01	1.84155E-06	0.000002	0	1.58452E-07
6095.02	1.82876E-06	0.000002	0	1.71237E-07
6105.02	1.84654E-06	0.000002	0	1.53463E-07
6115.02	1.84527E-06	0.000002	0	1.54731E-07
6125.01	1.83434E-06	0.000002	0	1.65661E-07
6135	1.84448E-06	0.000002	0	1.55525E-07
6145.01	1.85039E-06	0.000002	0	1.49606E-07
6155.02	1.84493E-06	0.000002	0	1.55071E-07
6165.02	1.84094E-06	0.000002	0	1.5906E-07
6175.01	1.83651E-06	0.000002	0	1.63486E-07
6185.01	1.83428E-06	0.000002	0	1.65725E-07
6195.02	1.8422E-06	0.000002	0	1.57798E-07
6205.01	1.84435E-06	0.000002	0	1.55654E-07
6215.02	1.84766E-06	0.000002	0	1.52335E-07
6225.01	1.8512E-06	0.000002	0	1.48795E-07
6235.01	1.84509E-06	0.000002	0	1.54914E-07
6245.01	1.84592E-06	0.000002	0	1.54078E-07
6255.01	1.84337E-06	0.000002	0	1.56627E-07
6265.02	1.84565E-06	0.000002	0	1.54346E-07
6275.01	1.84411E-06	0.000002	0	1.55886E-07
6285.02	1.85341E-06	0.000002	0	1.46595E-07
6295.01	1.85405E-06	0.000002	0	1.4595E-07
6305.02	1.85279E-06	0.000002	0	1.47213E-07
6315.02	1.85117E-06	0.000002	0	1.48829E-07
6325.01	1.84223E-06	0.000002	0	1.57775E-07
6335.01	1.85618E-06	0.000002	0	1.4382E-07
6345.01	1.8522E-06	0.000002	0	1.47798E-07
6355.02	1.85439E-06	0.000002	0	1.45606E-07
6365.01	1.85786E-06	0.000002	0	1.42142E-07
6375.01	1.85209E-06	0.000002	0	1.47905E-07
6385.02	1.85254E-06	0.000002	0	1.47458E-07
6395.02	1.85243E-06	0.000002	0	1.47572E-07
6405.01	1.86291E-06	0.000002	0	1.37086E-07
6415.02	1.8552E-06	0.000002	0	1.448E-07
6425.02	1.85069E-06	0.000002	0	1.49306E-07
6435.01	1.854E-06	0.000002	0	1.46E-07
6445.02	1.85469E-06	0.000002	0	1.45306E-07
6455.02	1.85809E-06	0.000002	0	1.41915E-07
6465.02	1.86559E-06	0.000002	0	1.34414E-07
6475.02	1.85976E-06	0.000002	0	1.40239E-07
6485.02	1.85359E-06	0.000002	0	1.46407E-07
6495.01	1.85017E-06	0.000002	0	1.49834E-07
6505.02	1.85742E-06	0.000002	0	1.42581E-07
6515.02	1.85083E-06	0.000002	0	1.49168E-07
6525.01	1.85725E-06	0.000002	0	1.42749E-07
6535.02	1.86669E-06	0.000002	0	1.33313E-07
6545.01	1.85968E-06	0.000002	0	1.40316E-07
6555.01	1.86444E-06	0.000002	0	1.35558E-07
6565.02	1.85961E-06	0.000002	0	1.40388E-07
6575.02	1.85935E-06	0.000002	0	1.40651E-07
6585.02	1.86124E-06	0.000002	0	1.38763E-07
6595.01	1.86524E-06	0.000002	0	1.34757E-07
6605.02	1.86027E-06	0.000002	0	1.39733E-07
6615.01	1.85959E-06	0.000002	0	1.40407E-07
6625.02	1.85354E-06	0.000002	0	1.46457E-07
6635.02	1.84857E-06	0.000002	0	1.51433E-07
6645.01	1.8636E-06	0.000002	0	1.36404E-07
6655.02	1.86934E-06	0.000002	0	1.30659E-07
6665.02	1.8571E-06	0.000002	0	1.42899E-07
6675.01	1.86412E-06	0.000002	0	1.35882E-07
6685.02	1.85436E-06	0.000002	0	1.45637E-07
6695.02	1.86365E-06	0.000002	0	1.36353E-07
6705.02	1.86798E-06	0.000002	0	1.32018E-07
6715.01	1.86396E-06	0.000002	0	1.36036E-07
6725.01	1.88397E-06	0.000002	0	1.16032E-07
6735.02	1.85931E-06	0.000002	0	1.40687E-07
6745.01	1.86562E-06	0.000002	0	1.34384E-07
6755.01	1.86733E-06	0.000002	0	1.32674E-07
6765.01	1.87597E-06	0.000002	0	1.24026E-07
6775.01	1.87131E-06	0.000002	0	1.28695E-07
6785.02	1.86603E-06	0.000002	0	1.33974E-07
6795.01	1.86458E-06	0.000002	0	1.35421E-07
6805.02	1.87001E-06	0.000002	0	1.29988E-07
6815.02	1.87032E-06	0.000002	0	1.29678E-07
6825.01	1.86475E-06	0.000002	0	1.35249E-07
6835.01	1.86898E-06	0.000002	0	1.31016E-07
6845.02	1.87428E-06	0.000002	0	1.25724E-07
6855.02	1.86757E-06	0.000002	0	1.32431E-07
6865.01	1.87026E-06	0.000002	0	1.29738E-07
6875.02	1.8694E-06	0.000002	0	1.30595E-07
6885.01	1.87019E-06	0.000002	0	1.2981E-07
6895.02	1.86244E-06	0.000002	0	1.37561E-07
6905.02	1.86736E-06	0.000002	0	1.32643E-07
6915.01	1.87251E-06	0.000002	0	1.2749E-07
6925.02	1.87197E-06	0.000002	0	1.28032E-07
6935.01	1.87183E-06	0.000002	0	1.28171E-07
6945.01	1.87796E-06	0.000002	0	1.22043E-07
6955.02	1.87508E-06	0.000002	0	1.24925E-07
6965.01	1.86808E-06	0.000002	0	1.31924E-07
6975.01	1.86926E-06	0.000002	0	1.30735E-07
6985.01	1.86488E-06	0.000002	0	1.35118E-07
6995	1.88675E-06	0.000002	0	1.13246E-07
7005.01	1.87228E-06	0.000002	0	1.2772E-07
7015.02	1.8781E-06	0.000002	0	1.21901E-07
7025.01	1.86881E-06	0.000002	0	1.31187E-07
7035.01	1.87727E-06	0.000002	0	1.22732E-07
7045.01	1.88141E-06	0.000002	0	1.18593E-07
7055.02	1.87751E-06	0.000002	0	1.22488E-07
7065.02	1.87252E-06	0.000002	0	1.27476E-07
7075.02	1.86761E-06	0.000002	0	1.32392E-07
7085.02	1.8648E-06	0.000002	0	1.35199E-07
7095.01	1.87078E-06	0.000002	0	1.29223E-07
7105.01	1.87627E-06	0.000002	0	1.23728E-07
7115.01	1.87653E-06	0.000002	0	1.23467E-07
7125.01	1.87133E-06	0.000002	0	1.28668E-07
7135.02	1.87658E-06	0.000002	0	1.23419E-07
7145.02	1.86991E-06	0.000002	0	1.30089E-07
7155.01	1.87067E-06	0.000002	0	1.29331E-07
7165.02	1.87885E-06	0.000002	0	1.21153E-07
7175.02	1.87128E-06	0.000002	0	1.28716E-07
7185.02	1.87336E-06	0.000002	0	1.26637E-07
7195.02	1.86906E-06	0.000002	0	1.30945E-07
7205.02	1.88278E-06	0.000002	0	1.17215E-07
7215.02	1.87799E-06	0.000002	0	1.2201E-07
7225.02	1.87584E-06	0.000002	0	1.24158E-07
7235.01	1.88814E-06	0.000002	0	1.11861E-07
7245.01	1.88814E-06	0.000002	0	1.11857E-07
7255.01	1.86592E-06	0.000002	0	1.34084E-07
7265.02	1.88495E-06	0.000002	0	1.15052E-07
7275.02	1.88701E-06	0.000002	0	1.12995E-07
7285.01	1.87995E-06	0.000002	0	1.20048E-07
7295.01	1.88806E-06	0.000002	0	1.11944E-07
7305.02	1.87922E-06	0.000002	0	1.20779E-07
7315.02	1.87263E-06	0.000002	0	1.27366E-07
7325.02	1.87631E-06	0.000002	0	1.23692E-07
7335.03	1.87651E-06	0.000002	0	1.23495E-07
7345.02	1.88217E-06	0.000002	0	1.17835E-07
7355.02	1.88366E-06	0.000002	0	1.1634E-07
7365.01	1.87685E-06	0.000002	0	1.23148E-07
7375.02	1.87853E-06	0.000002	0	1.21468E-07
7385.02	1.89283E-06	0.000002	0	1.07172E-07
7395.02	1.88082E-06	0.000002	0	1.19176E-07
7405.02	1.87992E-06	0.000002	0	1.20079E-07
7415.02	1.89335E-06	0.000002	0	1.06649E-07
7425.02	1.87344E-06	0.000002	0	1.26564E-07
7435.02	1.88374E-06	0.000002	0	1.16259E-07
7445.01	1.87537E-06	0.000002	0	1.24633E-07
7455.01	1.87241E-06	0.000002	0	1.27594E-07
7465.01	1.88274E-06	0.000002	0	1.17263E-07
7475.01	1.87491E-06	0.000002	0	1.25094E-07
7485.01	1.88533E-06	0.000002	0	1.14666E-07
7495.02	1.8844E-06	0.000002	0	1.156E-07
7505.02	1.87597E-06	0.000002	0	1.24033E-07
7515.02	1.8795E-06	0.000002	0	1.20501E-07
7525.01	1.88212E-06	0.000002	0	1.17883E-07
7535.01	1.8903E-06	0.000002	0	1.09697E-07
7545.01	1.87535E-06	0.000002	0	1.2465E-07
7555.01	1.88623E-06	0.000002	0	1.13773E-07
7565.02	1.89027E-06	0.000002	0	1.0973E-07
7575.02	1.87651E-06	0.000002	0	1.23487E-07
7585.01	1.88402E-06	0.000002	0	1.15979E-07
7595.02	1.89407E-06	0.000002	0	1.05927E-07
7605.02	1.88492E-06	0.000002	0	1.15079E-07
7615.01	1.8851E-06	0.000002	0	1.149E-07
7625.02	1.88929E-06	0.000002	0	1.10711E-07
7635.01	1.89347E-06	0.000002	0	1.06532E-07
7645.02	1.88232E-06	0.000002	0	1.1768E-07
7655.01	1.88569E-06	0.000002	0	1.14305E-07
7665.01	1.88274E-06	0.000002	0	1.17257E-07
7675.01	1.89546E-06	0.000002	0	1.0454E-07
7685.02	1.88315E-06	0.000002	0	1.16847E-07
7695.01	1.88413E-06	0.000002	0	1.15872E-07
7705.02	1.8834E-06	0.000002	0	1.16604E-07
7715.01	1.87053E-06	0.000002	0	1.2947E-07
7725.02	1.88245E-06	0.000002	0	1.17546E-07
7735.01	1.87456E-06	0.000002	0	1.25439E-07
7745.02	1.8826E-06	0.000002	0	1.17402E-07
7755	1.8805E-06	0.000002	0	1.19504E-07
7765.01	1.88639E-06	0.000002	0	1.13614E-07
7775.02	1.87819E-06	0.000002	0	1.21805E-07
7785.02	1.88825E-06	0.000002	0	1.11747E-07
7795.02	1.8791E-06	0.000002	0	1.20898E-07
7805.02	1.87744E-06	0.000002	0	1.2256E-07
7815.02	1.87509E-06	0.000002	0	1.24914E-07
7825.01	1.87828E-06	0.000002	0	1.21723E-07
7835.02	1.88733E-06	0.000002	0	1.12674E-07
7845.02	1.889E-06	0.000002	0	1.11E-07
7855.01	1.89386E-06	0.000002	0	1.06138E-07
7865.02	1.88352E-06	0.000002	0	1.16481E-07
7875.02	1.8839E-06	0.000002	0	1.161E-07
7885.02	0.0000019	0.000002	0	1E-07
7895.01	1.88158E-06	0.000002	0	1.18417E-07
7905.01	1.88733E-06	0.000002	0	1.12667E-07
7915.02	1.89444E-06	0.000002	0	1.05563E-07
7925.02	1.88658E-06	0.000002	0	1.13416E-07
7935.02	1.8702E-06	0.000002	0	1.29805E-07
7945.02	1.87636E-06	0.000002	0	1.23644E-07
7955.02	1.89284E-06	0.000002	0	1.07164E-07
7965.01	1.88178E-06	0.000002	0	1.18223E-07
7975.02	1.87845E-06	0.000002	0	1.21547E-07
7985.02	1.88485E-06	0.000002	0	1.15152E-07
7995.02	1.88989E-06	0.000002	0	1.10105E-07
8005.02	1.87896E-06	0.000002	0	1.21035E-07
8015.01	1.88836E-06	0.000002	0	1.11639E-07
8025.01	1.88145E-06	0.000002	0	1.18546E-07
8035.02	1.89015E-06	0.000002	0	1.09848E-07
8045.03	1.88857E-06	0.000002	0	1.11425E-07
8055.02	1.89284E-06	0.000002	0	1.07161E-07
8065.02	1.89357E-06	0.000002	0	1.06425E-07
8075.01	1.88713E-06	0.000002	0	1.12869E-07
8085.01	1.8857E-06	0.000002	0	1.14304E-07
8095.02	1.88914E-06	0.000002	0	1.10858E-07
8105.02	1.88944E-06	0.000002	0	1.10557E-07
8115.02	1.89091E-06	0.000002	0	1.09093E-07
8125.02	1.89394E-06	0.000002	0	1.06062E-07
8135.01	1.88714E-06	0.000002	0	1.12855E-07
8145.01	1.8886E-06	0.000002	0	1.11403E-07
8155.01	1.88985E-06	0.000002	0	1.1015E-07
8165.01	1.88645E-06	0.000002	0	1.13554E-07
8175.01	1.88631E-06	0.000002	0	1.13686E-07
8185.02	1.88319E-06	0.000002	0	1.16813E-07
8195.02	1.88098E-06	0.000002	0	1.19024E-07
8205.02	1.87959E-06	0.000002	0	1.20412E-07
8215.01	1.88603E-06	0.000002	0	1.13975E-07
8225.01	1.88741E-06	0.000002	0	1.12591E-07
8235.01	1.89547E-06	0.000002	0	1.04531E-07
8245.01	1.88054E-06	0.000002	0	1.19456E-07
8255.02	1.8821E-06	0.000002	0	1.17903E-07
8265.02	1.88528E-06	0.000002	0	1.1472E-07
8275.02	1.89354E-06	0.000002	0	1.06461E-07
8285.01	1.87759E-06	0.000002	0	1.22408E-07
8295.03	1.8821E-06	0.000002	0	1.17897E-07
8305.01	1.89925E-06	0.000002	0	1.00755E-07
8315.02	1.88264E-06	0.000002	0	1.1736E-07
8325.01	1.88656E-06	0.000002	0	1.13441E-07
8335.01	1.8874E-06	0.000002	0	1.12597E-07
8345.02	1.8918E-06	0.000002	0	1.08199E-07
8355.01	1.89227E-06	0.000002	0	1.07731E-07
8365.02	1.88435E-06	0.000002	0	1.15649E-07
8375.02	1.88389E-06	0.000002	0	1.16105E-07
8385.03	1.88418E-06	0.000002	0	1.15816E-07
8395.02	1.89302E-06	0.000002	0	1.06981E-07
8405.02	1.88116E-06	0.000002	0	1.18843E-07
8415.01	1.89679E-06	0.000002	0	1.03213E-07
8425.02	1.88431E-06	0.000002	0	1.15691E-07
8435.02	1.88733E-06	0.000002	0	1.12672E-07
8445.01	1.89637E-06	0.000002	0	1.03635E-07
8455.01	1.88688E-06	0.000002	0	1.13116E-07
8465.02	1.88605E-06	0.000002	0	1.13948E-07
8475.01	1.86908E-06	0.000002	0	1.30921E-07
8485.02	1.8806E-06	0.000002	0	1.194E-07
8495.02	1.86214E-06	0.000002	0	1.37862E-07
8505.01	1.87292E-06	0.000002	0	1.27083E-07
8515.02	1.88695E-06	0.000002	0	1.13046E-07
8525.02	1.88415E-06	0.000002	0	1.15849E-07
8535.02	1.88751E-06	0.000002	0	1.12495E-07
8545.02	1.89186E-06	0.000002	0	1.08143E-07
8555.02	1.88197E-06	0.000002	0	1.18032E-07
8565.01	1.88651E-06	0.000002	0	1.1349E-07
8575.02	1.88096E-06	0.000002	0	1.19038E-07
8585.01	1.88338E-06	0.000002	0	1.16619E-07
8595.02	1.88786E-06	0.000002	0	1.12142E-07
8605.01	1.88638E-06	0.000002	0	1.13618E-07
8615.02	1.89105E-06	0.000002	0	1.08948E-07
8625.02	1.88327E-06	0.000002	0	1.16728E-07
8635.01	1.88085E-06	0.000002	0	1.19153E-07
8645.02	1.88642E-06	0.000002	0	1.13579E-07
8655.01	1.8958E-06	0.000002	0	1.042E-07
8665.01	1.88676E-06	0.000002	0	1.1324E-07
8675.01	1.87662E-06	0.000002	0	1.23384E-07
8685.01	1.88742E-06	0.000002	0	1.12579E-07
8695.02	1.88281E-06	0.000002	0	1.17187E-07
8705.01	1.89267E-06	0.000002	0	1.07329E-07
8715.02	1.8825E-06	0.000002	0	1.17499E-07
8725.01	1.88158E-06	0.000002	0	1.1842E-07
8735.01	1.88445E-06	0.000002	0	1.15548E-07
8745.02	1.88157E-06	0.000002	0	1.18434E-07
8755.02	1.86785E-06	0.000002	0	1.32147E-07
8765.02	1.88701E-06	0.000002	0	1.12992E-07
8775.02	1.88251E-06	0.000002	0	1.17489E-07
8785.02	1.88305E-06	0.000002	0	1.16947E-07
8795.01	1.87298E-06	0.000002	0	1.27016E-07
8805	1.88517E-06	0.000002	0	1.14827E-07
8815.02	1.88457E-06	0.000002	0	1.1543E-07
8825.01	1.88667E-06	0.000002	0	1.13327E-07
8835.02	1.87752E-06	0.000002	0	1.22476E-07
8845	1.88462E-06	0.000002	0	1.15382E-07
8855.01	1.88595E-06	0.000002	0	1.14048E-07
8865.02	1.87506E-06	0.000002	0	1.24939E-07
8875.02	1.87934E-06	0.000002	0	1.20656E-07
8885.02	1.88119E-06	0.000002	0	1.18812E-07
8895.02	1.88642E-06	0.000002	0	1.13579E-07
8905.02	1.88154E-06	0.000002	0	1.18462E-07
8915.01	1.87676E-06	0.000002	0	1.23242E-07
8925.01	1.86278E-06	0.000002	0	1.37218E-07
8935.01	1.88187E-06	0.000002	0	1.18128E-07
8945.01	1.89166E-06	0.000002	0	1.08337E-07
8955.02	1.89188E-06	0.000002	0	1.08116E-07
8965.01	1.88468E-06	0.000002	0	1.15316E-07
8975.02	1.89451E-06	0.000002	0	1.05487E-07
8985.01	1.89335E-06	0.000002	0	1.0665E-07
8995.01	1.88741E-06	0.000002	0	1.12591E-07
9005.02	1.88514E-06	0.000002	0	1.14857E-07
